0	1.8	0.00607	-0.0011	-0.0319	-0.106	0.00983	1.89	-0.0462	-1.58	-0.0101	0.149	-0.0275	0.246	0.08
0.00499	1.8	-0.0425	-0.00126	-0.233	-0.106	-0.134	1.89	0.187	-1.58	-0.52	0.148	-0.403	0.246	0.476
0.00998	1.8	-0.0848	-0.00242	-0.408	-0.107	-0.261	1.89	0.39	-1.59	-0.967	0.146	-0.733	0.249	0.822
0.015	1.8	-0.122	-0.00446	-0.56	-0.108	-0.374	1.89	0.565	-1.59	-1.36	0.143	-1.02	0.253	1.12
0.02	1.8	-0.154	-0.00725	-0.69	-0.11	-0.474	1.9	0.717	-1.6	-1.69	0.138	-1.27	0.258	1.39
0.025	1.79	-0.182	-0.0107	-0.8	-0.113	-0.563	1.9	0.846	-1.61	-1.98	0.131	-1.49	0.265	1.61
0.0299	1.79	-0.205	-0.0147	-0.893	-0.115	-0.641	1.9	0.955	-1.62	-2.23	0.124	-1.67	0.273	1.8
0.0349	1.79	-0.226	-0.0191	-0.971	-0.119	-0.709	1.91	1.05	-1.63	-2.44	0.116	-1.83	0.282	1.96
0.0399	1.79	-0.243	-0.024	-1.03	-0.122	-0.769	1.91	1.12	-1.64	-2.62	0.106	-1.96	0.292	2.09
0.0449	1.79	-0.257	-0.0291	-1.08	-0.126	-0.821	1.92	1.18	-1.65	-2.76	0.0967	-2.07	0.303	2.2
0.0499	1.79	-0.269	-0.0346	-1.12	-0.13	-0.866	1.92	1.22	-1.67	-2.88	0.0864	-2.16	0.314	2.29
0.0549	1.79	-0.279	-0.0402	-1.15	-0.134	-0.906	1.93	1.26	-1.68	-2.97	0.0756	-2.23	0.325	2.36
0.0599	1.79	-0.287	-0.0459	-1.17	-0.139	-0.939	1.94	1.28	-1.7	-3.04	0.0645	-2.28	0.337	2.4
0.0649	1.78	-0.294	-0.0517	-1.18	-0.144	-0.967	1.94	1.3	-1.71	-3.09	0.0531	-2.32	0.349	2.44
0.0699	1.78	-0.298	-0.0576	-1.18	-0.148	-0.99	1.95	1.3	-1.73	-3.12	0.0415	-2.35	0.361	2.46
0.0749	1.78	-0.301	-0.0635	-1.18	-0.153	-1.01	1.96	1.3	-1.74	-3.14	0.0298	-2.36	0.373	2.46
0.0798	1.78	-0.304	-0.0694	-1.17	-0.158	-1.03	1.96	1.29	-1.76	-3.14	0.018	-2.37	0.386	2.45
0.0848	1.78	-0.305	-0.0752	-1.16	-0.164	-1.04	1.97	1.28	-1.77	-3.13	0.00624	-2.36	0.398	2.44
0.0898	1.78	-0.305	-0.081	-1.14	-0.169	-1.05	1.98	1.26	-1.79	-3.11	-0.00556	-2.36	0.41	2.42
0.0948	1.78	-0.304	-0.0867	-1.11	-0.174	-1.05	1.98	1.24	-1.81	-3.08	-0.0173	-2.34	0.422	2.39
0.0998	1.77	-0.303	-0.0922	-1.09	-0.179	-1.06	1.99	1.21	-1.82	-3.04	-0.029	-2.32	0.434	2.35
0.105	1.77	-0.301	-0.0976	-1.06	-0.185	-1.06	1.99	1.18	-1.84	-2.99	-0.0406	-2.3	0.446	2.31
0.11	1.77	-0.298	-0.103	-1.03	-0.19	-1.06	2	1.15	-1.85	-2.94	-0.052	-2.27	0.457	2.26
0.115	1.77	-0.294	-0.108	-0.995	-0.195	-1.05	2.01	1.12	-1.87	-2.88	-0.0634	-2.24	0.468	2.21
0.12	1.77	-0.29	-0.113	-0.961	-0.2	-1.05	2.01	1.08	-1.88	-2.82	-0.0746	-2.22	0.479	2.16
0.125	1.77	-0.286	-0.118	-0.924	-0.206	-1.04	2.02	1.04	-1.89	-2.75	-0.0856	-2.19	0.49	2.1
0.13	1.77	-0.282	-0.122	-0.887	-0.211	-1.04	2.02	1.01	-1.91	-2.69	-0.0965	-2.16	0.501	2.05
0.135	1.76	-0.277	-0.127	-0.849	-0.216	-1.03	2.03	0.967	-1.92	-2.62	-0.107	-2.13	0.511	1.99
0.14	1.76	-0.271	-0.131	-0.81	-0.221	-1.02	2.03	0.928	-1.93	-2.55	-0.118	-2.1	0.521	1.93
0.145	1.76	-0.265	-0.135	-0.771	-0.226	-1.01	2.04	0.889	-1.95	-2.47	-0.128	-2.07	0.53	1.87
0.15	1.76	-0.259	-0.139	-0.731	-0.231	-1	2.04	0.849	-1.96	-2.4	-0.139	-2.05	0.54	1.81
0.155	1.76	-0.253	-0.143	-0.691	-0.236	-0.991	2.04	0.81	-1.97	-2.33	-0.149	-2.02	0.549	1.76
0.16	1.76	-0.247	-0.146	-0.652	-0.241	-0.98	2.05	0.771	-1.98	-2.25	-0.159	-2	0.558	1.7
0.165	1.76	-0.241	-0.149	-0.612	-0.246	-0.968	2.05	0.732	-1.99	-2.18	-0.169	-1.98	0.566	1.64
0.17	1.75	-0.234	-0.152	-0.573	-0.251	-0.957	2.06	0.694	-2	-2.11	-0.179	-1.96	0.574	1.59
0.175	1.75	-0.228	-0.155	-0.534	-0.256	-0.945	2.06	0.656	-2.02	-2.04	-0.189	-1.94	0.582	1.53
0.18	1.75	-0.222	-0.158	-0.495	-0.26	-0.934	2.06	0.618	-2.03	-1.97	-0.198	-1.93	0.59	1.48
0.185	1.75	-0.216	-0.16	-0.457	-0.265	-0.923	2.07	0.581	-2.04	-1.9	-0.208	-1.91	0.597	1.43
0.19	1.75	-0.21	-0.163	-0.419	-0.27	-0.913	2.07	0.544	-2.04	-1.83	-0.217	-1.89	0.604	1.38
0.195	1.75	-0.204	-0.165	-0.382	-0.274	-0.902	2.07	0.509	-2.05	-1.77	-0.227	-1.88	0.611	1.33
0.2	1.75	-0.199	-0.167	-0.345	-0.279	-0.892	2.07	0.473	-2.06	-1.7	-0.236	-1.87	0.618	1.29
0.205	1.75	-0.194	-0.168	-0.309	-0.283	-0.882	2.08	0.439	-2.07	-1.64	-0.246	-1.86	0.624	1.24
0.21	1.75	-0.19	-0.17	-0.274	-0.288	-0.874	2.08	0.404	-2.08	-1.58	-0.255	-1.85	0.631	1.2
0.215	1.75	-0.186	-0.171	-0.239	-0.292	-0.865	2.08	0.37	-2.09	-1.52	-0.264	-1.84	0.637	1.16
0.22	1.74	-0.183	-0.172	-0.205	-0.296	-0.857	2.08	0.337	-2.1	-1.46	-0.273	-1.82	0.642	1.11
0.225	1.74	-0.179	-0.174	-0.172	-0.301	-0.849	2.08	0.305	-2.1	-1.4	-0.282	-1.82	0.648	1.07
0.23	1.74	-0.177	-0.174	-0.139	-0.305	-0.841	2.09	0.273	-2.11	-1.34	-0.291	-1.81	0.653	1.03
0.235	1.74	-0.175	-0.175	-0.107	-0.309	-0.834	2.09	0.242	-2.12	-1.28	-0.301	-1.8	0.658	0.992
0.24	1.74	-0.174	-0.176	-0.0759	-0.313	-0.827	2.09	0.211	-2.12	-1.23	-0.309	-1.79	0.663	0.952
0.245	1.74	-0.173	-0.176	-0.0455	-0.317	-0.82	2.09	0.181	-2.13	-1.17	-0.318	-1.77	0.668	0.911
0.25	1.74	-0.173	-0.176	-0.016	-0.321	-0.814	2.09	0.152	-2.13	-1.12	-0.327	-1.76	0.673	0.871
0.254	1.74	-0.173	-0.176	0.0124	-0.325	-0.807	2.09	0.124	-2.14	-1.06	-0.336	-1.76	0.677	0.832
0.259	1.74	-0.173	-0.176	0.0398	-0.329	-0.799	2.09	0.0977	-2.15	-1.01	-0.345	-1.75	0.681	0.792
0.264	1.74	-0.173	-0.176	0.0664	-0.333	-0.792	2.09	0.0719	-2.15	-0.957	-0.354	-1.74	0.685	0.752
0.269	1.74	-0.175	-0.176	0.0922	-0.337	-0.785	2.09	0.047	-2.16	-0.903	-0.362	-1.73	0.689	0.711
0.274	1.73	-0.177	-0.175	0.117	-0.341	-0.777	2.09	0.0231	-2.16	-0.849	-0.371	-1.73	0.692	0.67
0.279	1.73	-0.179	-0.175	0.141	-0.345	-0.769	2.09	0.000648	-2.16	-0.794	-0.38	-1.72	0.696	0.628
0.284	1.73	-0.181	-0.174	0.163	-0.349	-0.76	2.09	-0.0201	-2.17	-0.74	-0.388	-1.71	0.699	0.587
0.289	1.73	-0.182	-0.173	0.184	-0.353	-0.75	2.09	-0.039	-2.17	-0.687	-0.397	-1.71	0.702	0.547
0.294	1.73	-0.184	-0.172	0.204	-0.357	-0.739	2.09	-0.0564	-2.17	-0.633	-0.405	-1.71	0.705	0.506
0.299	1.73	-0.186	-0.171	0.223	-0.36	-0.728	2.09	-0.0723	-2.18	-0.579	-0.414	-1.71	0.707	0.465
0.304	1.73	-0.188	-0.17	0.24	-0.364	-0.717	2.09	-0.0867	-2.18	-0.525	-0.422	-1.71	0.709	0.423
0.309	1.73	-0.19	-0.169	0.257	-0.367	-0.705	2.09	-0.0994	-2.18	-0.47	-0.431	-1.72	0.711	0.382
0.314	1.73	-0.192	-0.168	0.272	-0.371	-0.692	2.09	-0.11	-2.19	-0.417	-0.439	-1.72	0.713	0.341
0.319	1.73	-0.193	-0.166	0.286	-0.374	-0.678	2.09	-0.119	-2.19	-0.363	-0.448	-1.73	0.715	0.302
0.324	1.73	-0.193	-0.165	0.298	-0.378	-0.664	2.09	-0.125	-2.19	-0.311	-0.457	-1.74	0.717	0.263
0.329	1.72	-0.193	-0.163	0.309	-0.381	-0.648	2.09	-0.129	-2.19	-0.259	-0.465	-1.75	0.718	0.225
0.334	1.72	-0.192	-0.162	0.319	-0.384	-0.633	2.09	-0.131	-2.19	-0.208	-0.474	-1.76	0.719	0.188
0.339	1.72	-0.192	-0.16	0.327	-0.387	-0.617	2.09	-0.132	-2.19	-0.158	-0.483	-1.77	0.72	0.151
0.344	1.72	-0.192	-0.159	0.335	-0.391	-0.602	2.09	-0.131	-2.19	-0.109	-0.492	-1.78	0.721	0.115
0.349	1.72	-0.191	-0.157	0.341	-0.394	-0.587	2.09	-0.128	-2.2	-0.0621	-0.5	-1.79	0.721	0.0804
0.354	1.72	-0.189	-0.155	0.346	-0.397	-0.572	2.09	-0.122	-2.2	-0.0168	-0.509	-1.81	0.722	0.0473
0.359	1.72	-0.187	-0.153	0.349	-0.399	-0.556	2.09	-0.115	-2.2	0.0262	-0.518	-1.82	0.722	0.0164
0.364	1.72	-0.184	-0.152	0.351	-0.402	-0.541	2.09	-0.105	-2.2	0.0666	-0.528	-1.84	0.722	-0.0123
0.369	1.72	-0.181	-0.15	0.352	-0.405	-0.527	2.08	-0.094	-2.19	0.105	-0.537	-1.85	0.722	-0.0392
0.374	1.72	-0.178	-0.148	0.353	-0.407	-0.514	2.08	-0.0813	-2.19	0.14	-0.546	-1.87	0.722	-0.0647
0.379	1.72	-0.175	-0.146	0.352	-0.41	-0.503	2.08	-0.0675	-2.19	0.172	-0.555	-1.88	0.721	-0.089
0.384	1.71	-0.173	-0.145	0.351	-0.413	-0.493	2.08	-0.0524	-2.19	0.202	-0.565	-1.89	0.721	-0.112
0.389	1.71	-0.171	-0.143	0.348	-0.415	-0.485	2.08	-0.036	-2.19	0.228	-0.574	-1.89	0.72	-0.133
0.394	1.71	-0.169	-0.141	0.345	-0.417	-0.478	2.08	-0.0183	-2.19	0.252	-0.583	-1.9	0.72	-0.152
0.399	1.71	-0.166	-0.139	0.341	-0.42	-0.473	2.08	0.000898	-2.19	0.271	-0.593	-1.91	0.719	-0.169
0.404	1.71	-0.164	-0.138	0.337	-0.422	-0.468	2.08	0.0213	-2.19	0.287	-0.602	-1.91	0.718	-0.183
0.409	1.71	-0.161	-0.136	0.331	-0.425	-0.466	2.08	0.0427	-2.19	0.299	-0.612	-1.91	0.717	-0.196
0.414	1.71	-0.16	-0.134	0.325	-0.427	-0.466	2.08	0.0648	-2.19	0.307	-0.622	-1.91	0.716	-0.207
0.419	1.71	-0.159	-0.133	0.319	-0.429	-0.468	2.08	0.0872	-2.18	0.313	-0.631	-1.9	0.715	-0.216
0.424	1.71	-0.159	-0.131	0.313	-0.432	-0.473	2.08	0.11	-2.18	0.315	-0.641	-1.89	0.714	-0.225
0.429	1.71	-0.161	-0.13	0.306	-0.434	-0.48	2.08	0.133	-2.18	0.315	-0.65	-1.87	0.713	-0.233
0.434	1.71	-0.163	-0.128	0.299	-0.436	-0.488	2.09	0.157	-2.18	0.311	-0.659	-1.85	0.712	-0.239
0.439	1.71	-0.165	-0.127	0.292	-0.439	-0.498	2.09	0.181	-2.18	0.304	-0.669	-1.83	0.711	-0.244
0.444	1.7	-0.168	-0.125	0.284	-0.441	-0.51	2.09	0.206	-2.18	0.294	-0.678	-1.81	0.709	-0.247
0.449	1.7	-0.171	-0.124	0.276	-0.444	-0.522	2.09	0.232	-2.17	0.282	-0.687	-1.79	0.708	-0.248
0.454	1.7	-0.175	-0.122	0.268	-0.446	-0.536	2.09	0.258	-2.17	0.267	-0.696	-1.76	0.707	-0.247
0.459	1.7	-0.18	-0.121	0.26	-0.449	-0.551	2.09	0.284	-2.17	0.25	-0.704	-1.74	0.706	-0.246
0.464	1.7	-0.186	-0.12	0.252	-0.452	-0.568	2.09	0.31	-2.17	0.231	-0.713	-1.71	0.705	-0.245
0.469	1.7	-0.193	-0.119	0.244	-0.455	-0.585	2.09	0.336	-2.17	0.211	-0.722	-1.67	0.703	-0.243
0.474	1.7	-0.202	-0.117	0.236	-0.458	-0.604	2.09	0.361	-2.17	0.19	-0.73	-1.64	0.702	-0.242
0.479	1.7	-0.211	-0.116	0.228	-0.461	-0.623	2.1	0.387	-2.17	0.167	-0.738	-1.6	0.701	-0.24
0.484	1.7	-0.22	-0.115	0.22	-0.464	-0.643	2.1	0.414	-2.17	0.144	-0.746	-1.57	0.7	-0.238
0.489	1.7	-0.23	-0.114	0.211	-0.467	-0.662	2.1	0.441	-2.17	0.119	-0.754	-1.53	0.699	-0.234
0.494	1.69	-0.239	-0.113	0.203	-0.47	-0.681	2.1	0.468	-2.17	0.0943	-0.762	-1.51	0.697	-0.23
0.499	1.69	-0.248	-0.112	0.194	-0.474	-0.699	2.11	0.496	-2.16	0.0686	-0.769	-1.48	0.696	-0.224
0.504	1.69	-0.258	-0.111	0.185	-0.477	-0.716	2.11	0.524	-2.16	0.0426	-0.777	-1.46	0.695	-0.218
0.509	1.69	-0.267	-0.11	0.176	-0.481	-0.733	2.11	0.552	-2.16	0.0166	-0.784	-1.44	0.694	-0.211
0.514	1.69	-0.277	-0.109	0.167	-0.484	-0.75	2.11	0.58	-2.16	-0.00891	-0.791	-1.42	0.693	-0.204
0.519	1.69	-0.288	-0.108	0.159	-0.488	-0.767	2.12	0.609	-2.16	-0.0339	-0.798	-1.4	0.692	-0.197
0.524	1.69	-0.299	-0.107	0.15	-0.492	-0.783	2.12	0.636	-2.16	-0.0581	-0.805	-1.39	0.691	-0.189
0.529	1.69	-0.31	-0.107	0.141	-0.496	-0.799	2.12	0.664	-2.16	-0.0815	-0.812	-1.37	0.69	-0.182
0.534	1.68	-0.321	-0.106	0.133	-0.5	-0.815	2.13	0.692	-2.16	-0.104	-0.819	-1.36	0.689	-0.174
0.539	1.68	-0.332	-0.105	0.124	-0.504	-0.83	2.13	0.72	-2.17	-0.126	-0.826	-1.36	0.688	-0.166
0.544	1.68	-0.342	-0.105	0.116	-0.508	-0.844	2.13	0.748	-2.17	-0.148	-0.832	-1.36	0.687	-0.157
0.549	1.68	-0.351	-0.104	0.107	-0.512	-0.857	2.14	0.775	-2.17	-0.169	-0.839	-1.36	0.687	-0.147
0.554	1.68	-0.36	-0.104	0.0984	-0.516	-0.871	2.14	0.803	-2.17	-0.189	-0.846	-1.37	0.686	-0.137
0.559	1.68	-0.369	-0.103	0.09	-0.521	-0.884	2.14	0.83	-2.17	-0.209	-0.853	-1.37	0.685	-0.126
0.564	1.67	-0.377	-0.103	0.0819	-0.525	-0.898	2.15	0.857	-2.17	-0.228	-0.86	-1.38	0.685	-0.114
0.569	1.67	-0.386	-0.102	0.0743	-0.53	-0.912	2.15	0.882	-2.17	-0.247	-0.867	-1.39	0.684	-0.103
0.574	1.67	-0.396	-0.102	0.0674	-0.534	-0.928	2.16	0.906	-2.17	-0.265	-0.873	-1.39	0.683	-0.0928
0.579	1.67	-0.406	-0.102	0.0612	-0.539	-0.945	2.16	0.929	-2.17	-0.282	-0.88	-1.39	0.683	-0.083
0.584	1.67	-0.416	-0.101	0.0559	-0.544	-0.964	2.17	0.95	-2.17	-0.299	-0.887	-1.39	0.683	-0.0741
0.589	1.66	-0.428	-0.101	0.0515	-0.548	-0.985	2.17	0.969	-2.18	-0.315	-0.894	-1.38	0.682	-0.066
0.594	1.66	-0.44	-0.101	0.0481	-0.553	-1.01	2.18	0.987	-2.18	-0.331	-0.901	-1.36	0.682	-0.0588
0.599	1.66	-0.453	-0.1	0.0456	-0.558	-1.03	2.18	1	-2.18	-0.347	-0.908	-1.34	0.682	-0.0523
0.604	1.66	-0.466	-0.1	0.044	-0.563	-1.06	2.19	1.02	-2.18	-0.364	-0.915	-1.32	0.681	-0.0467
0.609	1.65	-0.479	-0.1	0.0435	-0.569	-1.09	2.19	1.03	-2.18	-0.38	-0.921	-1.29	0.681	-0.042
0.614	1.65	-0.494	-0.0998	0.044	-0.574	-1.12	2.2	1.04	-2.18	-0.397	-0.928	-1.25	0.681	-0.0384
0.619	1.65	-0.509	-0.0995	0.0458	-0.58	-1.15	2.2	1.05	-2.19	-0.414	-0.934	-1.21	0.681	-0.0362
0.624	1.65	-0.525	-0.0993	0.049	-0.586	-1.19	2.21	1.05	-2.19	-0.432	-0.94	-1.16	0.681	-0.0357
0.629	1.64	-0.542	-0.0991	0.0536	-0.591	-1.23	2.21	1.05	-2.19	-0.449	-0.946	-1.09	0.68	-0.0373
0.634	1.64	-0.562	-0.0988	0.0598	-0.598	-1.27	2.22	1.05	-2.19	-0.467	-0.951	-1.02	0.68	-0.0415
0.639	1.64	-0.583	-0.0985	0.0676	-0.604	-1.31	2.22	1.05	-2.2	-0.484	-0.956	-0.931	0.68	-0.0485
0.644	1.64	-0.606	-0.0982	0.0772	-0.61	-1.36	2.23	1.04	-2.2	-0.501	-0.961	-0.832	0.68	-0.0585
0.649	1.63	-0.63	-0.0978	0.0885	-0.617	-1.41	2.23	1.04	-2.2	-0.518	-0.965	-0.722	0.679	-0.0717
0.654	1.63	-0.657	-0.0973	0.101	-0.624	-1.46	2.24	1.02	-2.2	-0.534	-0.969	-0.601	0.679	-0.0881
0.659	1.63	-0.685	-0.0968	0.116	-0.631	-1.51	2.24	1.01	-2.21	-0.549	-0.972	-0.47	0.679	-0.108
0.664	1.62	-0.714	-0.0963	0.131	-0.639	-1.56	2.25	0.991	-2.21	-0.564	-0.974	-0.33	0.678	-0.13
0.669	1.62	-0.745	-0.0956	0.148	-0.647	-1.62	2.25	0.972	-2.21	-0.578	-0.976	-0.183	0.677	-0.155
0.674	1.62	-0.775	-0.0949	0.166	-0.655	-1.67	2.26	0.951	-2.21	-0.592	-0.977	-0.0299	0.677	-0.184
0.679	1.61	-0.807	-0.094	0.185	-0.663	-1.72	2.26	0.928	-2.22	-0.604	-0.977	0.127	0.676	-0.214
0.684	1.61	-0.838	-0.0931	0.205	-0.672	-1.78	2.27	0.903	-2.22	-0.615	-0.976	0.288	0.675	-0.248
0.689	1.6	-0.869	-0.0921	0.226	-0.681	-1.83	2.27	0.878	-2.22	-0.624	-0.975	0.45	0.673	-0.284
0.694	1.6	-0.9	-0.091	0.247	-0.69	-1.87	2.28	0.851	-2.23	-0.633	-0.972	0.614	0.672	-0.322
0.699	1.6	-0.931	-0.0897	0.268	-0.699	-1.92	2.28	0.823	-2.23	-0.639	-0.969	0.779	0.67	-0.363
0.704	1.59	-0.961	-0.0884	0.289	-0.709	-1.96	2.28	0.794	-2.23	-0.644	-0.965	0.943	0.669	-0.406
0.709	1.59	-0.99	-0.0869	0.311	-0.719	-2	2.29	0.765	-2.24	-0.646	-0.961	1.11	0.667	-0.452
0.714	1.58	-1.02	-0.0854	0.333	-0.728	-2.03	2.29	0.735	-2.24	-0.646	-0.955	1.27	0.664	-0.5
0.719	1.58	-1.05	-0.0837	0.355	-0.739	-2.07	2.3	0.705	-2.24	-0.644	-0.949	1.43	0.662	-0.549
0.724	1.57	-1.07	-0.082	0.376	-0.749	-2.09	2.3	0.675	-2.25	-0.64	-0.942	1.58	0.659	-0.6
0.729	1.57	-1.1	-0.0801	0.397	-0.759	-2.11	2.3	0.645	-2.25	-0.633	-0.934	1.73	0.656	-0.651
0.734	1.56	-1.12	-0.0781	0.417	-0.77	-2.13	2.31	0.616	-2.25	-0.623	-0.925	1.86	0.653	-0.702
0.739	1.55	-1.14	-0.076	0.436	-0.781	-2.14	2.31	0.587	-2.26	-0.612	-0.916	1.99	0.649	-0.753
0.744	1.55	-1.16	-0.0738	0.454	-0.791	-2.14	2.31	0.56	-2.26	-0.598	-0.906	2.11	0.646	-0.803
0.749	1.54	-1.17	-0.0716	0.471	-0.802	-2.13	2.31	0.534	-2.26	-0.582	-0.896	2.21	0.642	-0.851
0.753	1.54	-1.18	-0.0692	0.485	-0.813	-2.12	2.32	0.509	-2.26	-0.564	-0.885	2.3	0.637	-0.896
0.758	1.53	-1.19	-0.0668	0.498	-0.823	-2.1	2.32	0.486	-2.27	-0.544	-0.873	2.37	0.633	-0.938
0.763	1.53	-1.19	-0.0643	0.509	-0.834	-2.08	2.32	0.464	-2.27	-0.522	-0.861	2.43	0.628	-0.977
0.768	1.52	-1.19	-0.0618	0.518	-0.844	-2.04	2.32	0.444	-2.27	-0.498	-0.849	2.47	0.623	-1.01
0.773	1.51	-1.18	-0.0592	0.525	-0.854	-2	2.33	0.426	-2.27	-0.472	-0.837	2.49	0.618	-1.04
0.778	1.51	-1.17	-0.0566	0.529	-0.864	-1.96	2.33	0.409	-2.28	-0.445	-0.824	2.49	0.613	-1.07
0.783	1.5	-1.16	-0.0539	0.532	-0.874	-1.9	2.33	0.394	-2.28	-0.416	-0.812	2.48	0.608	-1.09
0.788	1.5	-1.14	-0.0513	0.532	-0.883	-1.84	2.33	0.38	-2.28	-0.385	-0.799	2.46	0.602	-1.11
0.793	1.49	-1.12	-0.0486	0.53	-0.893	-1.77	2.33	0.367	-2.28	-0.353	-0.787	2.41	0.597	-1.13
0.798	1.48	-1.09	-0.046	0.526	-0.901	-1.7	2.34	0.354	-2.29	-0.32	-0.775	2.36	0.591	-1.14
0.803	1.48	-1.07	-0.0434	0.519	-0.91	-1.63	2.34	0.343	-2.29	-0.286	-0.763	2.29	0.585	-1.15
0.808	1.47	-1.03	-0.0408	0.512	-0.918	-1.55	2.34	0.332	-2.29	-0.251	-0.752	2.21	0.58	-1.15
0.813	1.47	-0.999	-0.0382	0.502	-0.926	-1.46	2.34	0.322	-2.29	-0.215	-0.741	2.11	0.574	-1.15
0.818	1.46	-0.961	-0.0357	0.491	-0.933	-1.37	2.34	0.312	-2.29	-0.179	-0.73	2.01	0.568	-1.14
0.823	1.46	-0.921	-0.0333	0.478	-0.94	-1.28	2.34	0.303	-2.29	-0.143	-0.72	1.9	0.562	-1.14
0.828	1.45	-0.879	-0.0309	0.463	-0.946	-1.19	2.35	0.294	-2.29	-0.108	-0.711	1.78	0.557	-1.12
0.833	1.45	-0.834	-0.0286	0.448	-0.952	-1.1	2.35	0.285	-2.29	-0.0729	-0.702	1.65	0.551	-1.11
0.838	1.45	-0.788	-0.0263	0.431	-0.958	-1	2.35	0.276	-2.29	-0.0393	-0.694	1.52	0.546	-1.09
0.843	1.44	-0.74	-0.0242	0.413	-0.963	-0.909	2.35	0.267	-2.29	-0.00709	-0.686	1.39	0.54	-1.07
0.848	1.44	-0.69	-0.0221	0.395	-0.967	-0.815	2.35	0.257	-2.29	0.0234	-0.679	1.25	0.535	-1.04
0.853	1.43	-0.64	-0.0202	0.376	-0.971	-0.722	2.35	0.247	-2.29	0.0519	-0.673	1.11	0.53	-1.01
0.858	1.43	-0.588	-0.0183	0.356	-0.975	-0.631	2.35	0.237	-2.29	0.0782	-0.668	0.967	0.525	-0.977
0.863	1.43	-0.537	-0.0165	0.336	-0.978	-0.542	2.36	0.226	-2.29	0.102	-0.663	0.827	0.52	-0.942
0.868	1.43	-0.486	-0.0148	0.316	-0.981	-0.456	2.36	0.214	-2.29	0.123	-0.659	0.69	0.515	-0.905
0.873	1.42	-0.435	-0.0132	0.296	-0.983	-0.374	2.36	0.201	-2.29	0.142	-0.655	0.558	0.511	-0.865
0.878	1.42	-0.385	-0.0118	0.276	-0.985	-0.296	2.36	0.186	-2.29	0.159	-0.652	0.431	0.506	-0.824
0.883	1.42	-0.336	-0.0104	0.257	-0.986	-0.222	2.36	0.17	-2.29	0.172	-0.65	0.312	0.502	-0.783
0.888	1.42	-0.289	-0.00911	0.239	-0.988	-0.153	2.36	0.153	-2.29	0.184	-0.649	0.202	0.498	-0.741
0.893	1.42	-0.244	-0.00792	0.221	-0.988	-0.089	2.36	0.134	-2.29	0.193	-0.648	0.102	0.495	-0.7
0.898	1.41	-0.201	-0.00682	0.205	-0.989	-0.0305	2.36	0.113	-2.29	0.2	-0.647	0.0123	0.491	-0.659
0.903	1.41	-0.161	-0.0058	0.189	-0.989	0.0224	2.36	0.0912	-2.29	0.205	-0.647	-0.0652	0.488	-0.62
0.908	1.41	-0.124	-0.00485	0.175	-0.989	0.0699	2.36	0.0673	-2.28	0.209	-0.647	-0.13	0.485	-0.583
0.913	1.41	-0.0906	-0.00398	0.163	-0.988	0.112	2.36	0.0419	-2.28	0.211	-0.648	-0.183	0.482	-0.548
0.918	1.41	-0.06	-0.00317	0.151	-0.988	0.148	2.36	0.0151	-2.28	0.213	-0.649	-0.223	0.479	-0.515
0.923	1.41	-0.0328	-0.00241	0.142	-0.987	0.18	2.36	-0.0128	-2.28	0.213	-0.65	-0.251	0.476	-0.486
0.928	1.41	-0.00892	-0.0017	0.134	-0.986	0.206	2.36	-0.0418	-2.28	0.213	-0.651	-0.267	0.474	-0.461
0.933	1.41	0.0117	-0.00104	0.127	-0.985	0.228	2.36	-0.0714	-2.28	0.212	-0.653	-0.273	0.472	-0.438
0.938	1.41	0.0292	-0.000403	0.122	-0.984	0.246	2.36	-0.101	-2.28	0.211	-0.654	-0.268	0.47	-0.419
0.943	1.41	0.0438	0.000206	0.118	-0.983	0.261	2.36	-0.131	-2.28	0.21	-0.655	-0.255	0.467	-0.404
0.948	1.41	0.0556	0.000796	0.116	-0.982	0.272	2.36	-0.161	-2.28	0.209	-0.657	-0.234	0.465	-0.392
0.953	1.41	0.065	0.00137	0.115	-0.98	0.28	2.36	-0.191	-2.28	0.208	-0.658	-0.207	0.463	-0.382
0.958	1.41	0.0722	0.00195	0.115	-0.979	0.286	2.36	-0.219	-2.27	0.207	-0.659	-0.175	0.462	-0.376
0.963	1.41	0.0774	0.00252	0.116	-0.977	0.29	2.36	-0.246	-2.27	0.206	-0.66	-0.139	0.46	-0.373
0.968	1.41	0.0812	0.0031	0.117	-0.976	0.293	2.36	-0.272	-2.27	0.206	-0.66	-0.102	0.458	-0.371
0.973	1.41	0.0836	0.00368	0.12	-0.974	0.295	2.36	-0.296	-2.27	0.205	-0.661	-0.0643	0.456	-0.372
0.978	1.41	0.0851	0.00428	0.123	-0.973	0.297	2.35	-0.319	-2.27	0.205	-0.661	-0.0269	0.454	-0.374
0.983	1.41	0.086	0.00489	0.126	-0.971	0.298	2.35	-0.339	-2.27	0.205	-0.661	0.00899	0.452	-0.377
0.988	1.41	0.0864	0.00552	0.13	-0.97	0.299	2.35	-0.357	-2.27	0.205	-0.661	0.0424	0.45	-0.38
0.993	1.42	0.0866	0.00617	0.133	-0.969	0.3	2.35	-0.373	-2.27	0.205	-0.661	0.0727	0.448	-0.384
0.998	1.42	0.0869	0.00683	0.137	-0.967	0.302	2.35	-0.387	-2.27	0.205	-0.661	0.0991	0.447	-0.388
1	1.42	0.0874	0.00752	0.141	-0.966	0.305	2.35	-0.399	-2.27	0.204	-0.66	0.121	0.445	-0.391
1.01	1.42	0.0883	0.00822	0.145	-0.964	0.308	2.34	-0.408	-2.26	0.203	-0.66	0.139	0.443	-0.394
1.01	1.42	0.0896	0.00894	0.148	-0.962	0.312	2.34	-0.415	-2.26	0.202	-0.659	0.153	0.441	-0.395
1.02	1.42	0.0914	0.00968	0.151	-0.961	0.316	2.34	-0.421	-2.26	0.201	-0.658	0.161	0.439	-0.396
1.02	1.42	0.0939	0.0104	0.154	-0.959	0.322	2.34	-0.424	-2.26	0.199	-0.657	0.166	0.437	-0.395
1.03	1.42	0.0969	0.0112	0.156	-0.958	0.327	2.34	-0.426	-2.26	0.196	-0.657	0.166	0.435	-0.392
1.03	1.42	0.1	0.012	0.158	-0.956	0.334	2.33	-0.426	-2.26	0.193	-0.656	0.163	0.433	-0.388
1.04	1.42	0.105	0.0128	0.16	-0.954	0.34	2.33	-0.425	-2.26	0.19	-0.655	0.157	0.431	-0.382
1.04	1.42	0.109	0.0136	0.161	-0.953	0.347	2.33	-0.423	-2.26	0.186	-0.654	0.149	0.429	-0.375
1.05	1.42	0.114	0.0144	0.162	-0.951	0.355	2.33	-0.419	-2.26	0.181	-0.653	0.138	0.427	-0.366
1.05	1.42	0.12	0.0152	0.162	-0.949	0.362	2.33	-0.416	-2.26	0.176	-0.653	0.125	0.425	-0.356
1.06	1.42	0.126	0.016	0.163	-0.947	0.369	2.32	-0.411	-2.25	0.17	-0.652	0.112	0.424	-0.345
1.06	1.42	0.131	0.0168	0.162	-0.946	0.376	2.32	-0.406	-2.25	0.164	-0.652	0.0978	0.422	-0.332
1.07	1.42	0.137	0.0176	0.162	-0.944	0.382	2.32	-0.401	-2.25	0.158	-0.651	0.0839	0.42	-0.318
1.07	1.42	0.143	0.0184	0.161	-0.942	0.389	2.32	-0.396	-2.25	0.151	-0.651	0.0705	0.419	-0.303
1.08	1.42	0.149	0.0192	0.16	-0.94	0.394	2.32	-0.39	-2.25	0.144	-0.65	0.0578	0.417	-0.288
1.08	1.43	0.155	0.02	0.159	-0.938	0.4	2.31	-0.385	-2.25	0.137	-0.65	0.0464	0.416	-0.272
1.09	1.43	0.161	0.0208	0.158	-0.936	0.404	2.31	-0.38	-2.25	0.129	-0.65	0.0364	0.414	-0.255
1.09	1.43	0.166	0.0216	0.157	-0.934	0.408	2.31	-0.375	-2.25	0.122	-0.65	0.0281	0.413	-0.238
1.1	1.43	0.171	0.0224	0.155	-0.932	0.412	2.31	-0.371	-2.25	0.114	-0.649	0.0216	0.412	-0.222
1.1	1.43	0.176	0.0232	0.154	-0.93	0.414	2.31	-0.367	-2.25	0.106	-0.649	0.017	0.411	-0.205
1.11	1.43	0.181	0.0239	0.152	-0.928	0.416	2.3	-0.363	-2.25	0.0988	-0.649	0.0143	0.41	-0.188
1.11	1.43	0.185	0.0247	0.15	-0.926	0.418	2.3	-0.36	-2.25	0.0914	-0.649	0.0135	0.409	-0.172
1.12	1.43	0.188	0.0254	0.149	-0.924	0.419	2.3	-0.357	-2.25	0.0842	-0.649	0.0145	0.408	-0.156
1.12	1.43	0.192	0.0262	0.147	-0.921	0.419	2.3	-0.355	-2.25	0.0772	-0.649	0.0172	0.407	-0.141
1.13	1.43	0.195	0.0269	0.145	-0.919	0.419	2.3	-0.353	-2.25	0.0705	-0.649	0.0214	0.406	-0.127
1.13	1.43	0.197	0.0276	0.144	-0.917	0.419	2.29	-0.351	-2.25	0.0641	-0.649	0.0271	0.406	-0.113
1.14	1.43	0.2	0.0284	0.142	-0.915	0.418	2.29	-0.35	-2.25	0.0581	-0.649	0.0339	0.405	-0.1
1.14	1.44	0.202	0.0291	0.141	-0.913	0.417	2.29	-0.349	-2.24	0.0524	-0.649	0.0416	0.405	-0.0881
1.15	1.44	0.204	0.0298	0.139	-0.911	0.415	2.29	-0.348	-2.24	0.0471	-0.648	0.0502	0.404	-0.077
1.15	1.44	0.205	0.0305	0.138	-0.909	0.413	2.29	-0.347	-2.24	0.0423	-0.648	0.0592	0.404	-0.0667
1.16	1.44	0.207	0.0311	0.136	-0.907	0.412	2.29	-0.346	-2.24	0.0379	-0.648	0.0686	0.404	-0.0573
1.16	1.44	0.208	0.0318	0.135	-0.905	0.41	2.28	-0.346	-2.24	0.034	-0.647	0.0781	0.403	-0.0489
1.17	1.44	0.21	0.0325	0.133	-0.903	0.408	2.28	-0.346	-2.24	0.0305	-0.647	0.0875	0.403	-0.0413
1.17	1.44	0.211	0.0332	0.132	-0.901	0.406	2.28	-0.345	-2.24	0.0275	-0.647	0.0967	0.403	-0.0346
1.18	1.44	0.212	0.0338	0.131	-0.899	0.404	2.28	-0.345	-2.24	0.025	-0.646	0.105	0.403	-0.0287
1.18	1.44	0.213	0.0345	0.129	-0.897	0.403	2.28	-0.344	-2.24	0.0229	-0.646	0.114	0.402	-0.0237
1.19	1.45	0.214	0.0351	0.128	-0.895	0.401	2.28	-0.344	-2.24	0.0212	-0.645	0.121	0.402	-0.0193
1.19	1.45	0.215	0.0358	0.127	-0.893	0.4	2.27	-0.344	-2.24	0.02	-0.644	0.128	0.402	-0.0158
1.2	1.45	0.217	0.0364	0.126	-0.891	0.398	2.27	-0.343	-2.24	0.0192	-0.644	0.135	0.402	-0.0128
1.2	1.45	0.218	0.037	0.124	-0.889	0.397	2.27	-0.342	-2.24	0.0188	-0.643	0.14	0.402	-0.0105
1.21	1.45	0.219	0.0376	0.123	-0.887	0.396	2.27	-0.342	-2.24	0.0188	-0.642	0.145	0.402	-0.00879
1.21	1.45	0.221	0.0383	0.122	-0.885	0.395	2.27	-0.341	-2.24	0.0192	-0.642	0.149	0.402	-0.00758
1.22	1.45	0.222	0.0389	0.121	-0.883	0.394	2.27	-0.341	-2.24	0.0199	-0.641	0.152	0.402	-0.00683
1.22	1.45	0.224	0.0395	0.12	-0.881	0.393	2.26	-0.34	-2.24	0.0209	-0.64	0.154	0.402	-0.00651
1.23	1.45	0.226	0.0401	0.118	-0.879	0.392	2.26	-0.339	-2.24	0.0223	-0.639	0.156	0.402	-0.00656
1.23	1.46	0.227	0.0407	0.117	-0.877	0.391	2.26	-0.339	-2.24	0.0239	-0.639	0.157	0.402	-0.00693
1.24	1.46	0.229	0.0412	0.116	-0.875	0.39	2.26	-0.338	-2.24	0.0258	-0.638	0.158	0.402	-0.00759
1.24	1.46	0.231	0.0418	0.115	-0.873	0.389	2.26	-0.337	-2.24	0.028	-0.637	0.159	0.402	-0.0085
1.25	1.46	0.233	0.0424	0.114	-0.871	0.388	2.26	-0.337	-2.24	0.0304	-0.636	0.159	0.402	-0.00961
1.25	1.46	0.235	0.043	0.113	-0.869	0.387	2.25	-0.336	-2.24	0.033	-0.635	0.159	0.402	-0.0109
1.26	1.46	0.236	0.0435	0.112	-0.867	0.386	2.25	-0.336	-2.24	0.0358	-0.635	0.159	0.402	-0.0123
1.26	1.46	0.238	0.0441	0.111	-0.865	0.385	2.25	-0.336	-2.24	0.0388	-0.634	0.159	0.402	-0.0138
1.27	1.46	0.24	0.0446	0.109	-0.863	0.384	2.25	-0.336	-2.24	0.0419	-0.633	0.16	0.402	-0.0155
1.27	1.46	0.241	0.0452	0.108	-0.861	0.382	2.25	-0.336	-2.24	0.0452	-0.632	0.16	0.401	-0.0171
1.28	1.47	0.243	0.0457	0.107	-0.86	0.38	2.25	-0.336	-2.24	0.0486	-0.632	0.161	0.401	-0.0188
1.28	1.47	0.244	0.0463	0.106	-0.858	0.378	2.24	-0.337	-2.24	0.052	-0.631	0.163	0.401	-0.0206
1.29	1.47	0.246	0.0468	0.105	-0.856	0.376	2.24	-0.337	-2.24	0.0556	-0.63	0.165	0.401	-0.0223
1.29	1.47	0.247	0.0473	0.104	-0.854	0.374	2.24	-0.338	-2.24	0.0592	-0.629	0.167	0.401	-0.024
1.3	1.47	0.248	0.0478	0.103	-0.852	0.371	2.24	-0.339	-2.24	0.0629	-0.628	0.17	0.401	-0.0257
1.3	1.47	0.249	0.0483	0.103	-0.85	0.369	2.24	-0.341	-2.24	0.0667	-0.627	0.174	0.401	-0.0274
1.31	1.47	0.249	0.0489	0.102	-0.848	0.366	2.24	-0.342	-2.24	0.0705	-0.627	0.179	0.401	-0.029
1.31	1.47	0.25	0.0494	0.101	-0.846	0.362	2.23	-0.344	-2.24	0.0742	-0.626	0.184	0.401	-0.0306
1.32	1.48	0.25	0.0499	0.0998	-0.845	0.359	2.23	-0.346	-2.24	0.078	-0.625	0.19	0.4	-0.0321
1.32	1.48	0.25	0.0504	0.099	-0.843	0.355	2.23	-0.348	-2.24	0.0818	-0.624	0.196	0.4	-0.0336
1.33	1.48	0.25	0.0509	0.0981	-0.841	0.352	2.23	-0.35	-2.24	0.0856	-0.623	0.204	0.4	-0.035
1.33	1.48	0.25	0.0514	0.0973	-0.839	0.348	2.23	-0.352	-2.24	0.0894	-0.622	0.211	0.4	-0.0363
1.34	1.48	0.25	0.0518	0.0964	-0.838	0.344	2.22	-0.354	-2.24	0.0931	-0.621	0.219	0.4	-0.0375
1.34	1.48	0.249	0.0523	0.0955	-0.836	0.339	2.22	-0.357	-2.24	0.0968	-0.62	0.228	0.4	-0.0387
1.35	1.48	0.248	0.0528	0.0947	-0.834	0.335	2.22	-0.359	-2.24	0.1	-0.618	0.237	0.399	-0.0398
1.35	1.48	0.248	0.0533	0.0938	-0.833	0.331	2.22	-0.362	-2.24	0.104	-0.617	0.246	0.399	-0.0408
1.36	1.49	0.247	0.0537	0.0929	-0.831	0.327	2.22	-0.364	-2.23	0.107	-0.616	0.256	0.399	-0.0418
1.36	1.49	0.246	0.0542	0.092	-0.829	0.322	2.22	-0.367	-2.23	0.111	-0.615	0.265	0.399	-0.0426
1.37	1.49	0.244	0.0547	0.091	-0.828	0.318	2.21	-0.369	-2.23	0.114	-0.613	0.275	0.399	-0.0434
1.37	1.49	0.243	0.0551	0.09	-0.826	0.314	2.21	-0.371	-2.23	0.117	-0.612	0.284	0.398	-0.0441
1.38	1.49	0.242	0.0556	0.089	-0.825	0.31	2.21	-0.373	-2.23	0.121	-0.611	0.293	0.398	-0.0446
1.38	1.49	0.241	0.056	0.0879	-0.823	0.306	2.21	-0.375	-2.23	0.124	-0.609	0.302	0.398	-0.0451
1.39	1.49	0.239	0.0564	0.0868	-0.821	0.303	2.21	-0.377	-2.23	0.127	-0.608	0.31	0.398	-0.0455
1.39	1.49	0.238	0.0569	0.0856	-0.82	0.299	2.2	-0.378	-2.23	0.13	-0.606	0.317	0.397	-0.0458
1.4	1.5	0.237	0.0573	0.0843	-0.818	0.296	2.2	-0.379	-2.23	0.132	-0.605	0.324	0.397	-0.0461
1.4	1.5	0.236	0.0577	0.083	-0.817	0.293	2.2	-0.38	-2.23	0.135	-0.603	0.33	0.397	-0.0462
1.41	1.5	0.234	0.0581	0.0816	-0.815	0.291	2.2	-0.381	-2.23	0.137	-0.601	0.334	0.397	-0.0462
1.41	1.5	0.233	0.0585	0.0801	-0.814	0.289	2.2	-0.381	-2.23	0.14	-0.6	0.338	0.396	-0.0461
1.42	1.5	0.232	0.0589	0.0785	-0.813	0.287	2.2	-0.381	-2.23	0.142	-0.598	0.34	0.396	-0.0459
1.42	1.5	0.231	0.0593	0.0768	-0.811	0.286	2.19	-0.38	-2.23	0.144	-0.596	0.341	0.396	-0.0455
1.43	1.5	0.231	0.0597	0.075	-0.81	0.285	2.19	-0.379	-2.23	0.146	-0.595	0.34	0.396	-0.0451
1.43	1.5	0.23	0.0601	0.0731	-0.808	0.285	2.19	-0.377	-2.23	0.148	-0.593	0.338	0.396	-0.0445
1.44	1.5	0.23	0.0605	0.0712	-0.807	0.285	2.19	-0.375	-2.22	0.15	-0.591	0.334	0.395	-0.0439
1.44	1.51	0.23	0.0608	0.0691	-0.805	0.285	2.19	-0.372	-2.22	0.151	-0.59	0.328	0.395	-0.0431
1.45	1.51	0.23	0.0612	0.0669	-0.804	0.286	2.18	-0.369	-2.22	0.152	-0.588	0.321	0.395	-0.0421
1.45	1.51	0.23	0.0615	0.0645	-0.803	0.288	2.18	-0.365	-2.22	0.154	-0.586	0.311	0.395	-0.0411
1.46	1.51	0.231	0.0618	0.0621	-0.801	0.291	2.18	-0.361	-2.22	0.155	-0.585	0.3	0.394	-0.0399
1.46	1.51	0.231	0.0621	0.0596	-0.8	0.293	2.18	-0.356	-2.22	0.156	-0.583	0.286	0.394	-0.0386
1.47	1.51	0.232	0.0624	0.0569	-0.798	0.297	2.18	-0.35	-2.22	0.157	-0.582	0.271	0.394	-0.0371
1.47	1.51	0.234	0.0627	0.0541	-0.797	0.301	2.17	-0.344	-2.22	0.157	-0.58	0.253	0.394	-0.0355
1.48	1.51	0.235	0.063	0.0512	-0.795	0.306	2.17	-0.337	-2.22	0.158	-0.579	0.233	0.394	-0.0338
1.48	1.51	0.237	0.0632	0.0482	-0.794	0.311	2.17	-0.33	-2.22	0.158	-0.578	0.211	0.394	-0.032
1.49	1.52	0.239	0.0635	0.045	-0.792	0.317	2.17	-0.322	-2.22	0.158	-0.577	0.187	0.393	-0.0299
1.49	1.52	0.242	0.0637	0.0418	-0.791	0.323	2.17	-0.313	-2.22	0.158	-0.576	0.161	0.393	-0.0278
