0	1.79382	0	-0.0125036	0	-0.135974	0	1.89206	0	-1.55962	0	0.113731	0	0.274512	0
0.00199331	1.79382	0.0236841	-0.0125036	-0.0951974	-0.135974	-0.0434133	1.89206	0.0291878	-1.55962	-0.178148	0.113731	-0.288947	0.274512	0.156097
0.00398663	1.7939	0.0451644	-0.0128231	-0.181899	-0.13612	-0.0836318	1.89216	0.0556908	-1.56021	-0.340605	0.112761	-0.555234	0.275036	0.298617
0.00597994	1.79405	0.0646425	-0.0134335	-0.260569	-0.136401	-0.120751	1.89234	0.0794965	-1.56136	-0.48817	0.110898	-0.800629	0.276038	0.428379
0.00797326	1.79427	0.0822701	-0.0143079	-0.331693	-0.136806	-0.15492	1.89261	0.100709	-1.56299	-0.621704	0.108211	-1.02659	0.277475	0.546164
0.00996657	1.79455	0.0981569	-0.0154209	-0.395766	-0.137326	-0.186331	1.89295	0.119527	-1.56508	-0.742118	0.104766	-1.23429	0.279308	0.652712
0.0119599	1.79487	0.112398	-0.016749	-0.453268	-0.137951	-0.215178	1.89335	0.136168	-1.56757	-0.850299	0.100624	-1.42481	0.281498	0.748722
0.0139532	1.79525	0.12509	-0.01827	-0.504653	-0.138673	-0.241636	1.89381	0.15083	-1.57042	-0.947087	0.095843	-1.59916	0.284011	0.834868
0.0159465	1.79567	0.136336	-0.0199635	-0.550345	-0.139484	-0.265853	1.89431	0.163675	-1.5736	-1.03327	0.0904767	-1.75831	0.286812	0.911796
0.0179398	1.79613	0.146248	-0.0218103	-0.590731	-0.140376	-0.287953	1.89486	0.174825	-1.57707	-1.10955	0.0845764	-1.90325	0.289872	0.980122
0.0199331	1.79662	0.154933	-0.0237926	-0.626167	-0.141342	-0.308049	1.89545	0.18438	-1.58079	-1.1766	0.0781897	-2.03495	0.293161	1.04042
0.0219265	1.79714	0.162481	-0.0258938	-0.656993	-0.142376	-0.326274	1.89607	0.192456	-1.58474	-1.23505	0.071361	-2.15429	0.296653	1.09326
0.0239198	1.79769	0.16896	-0.0280985	-0.683531	-0.143471	-0.342781	1.89671	0.199191	-1.58889	-1.28553	0.0641318	-2.26206	0.300321	1.13917
0.0259131	1.79825	0.174436	-0.0303922	-0.706082	-0.144621	-0.357713	1.89738	0.204709	-1.5932	-1.32864	0.0565411	-2.35903	0.304144	1.17865
0.0279064	1.79884	0.178979	-0.0327616	-0.72493	-0.145821	-0.371185	1.89807	0.209118	-1.59766	-1.36489	0.0486249	-2.44592	0.308099	1.21214
0.0298997	1.79944	0.182656	-0.0351943	-0.740359	-0.147067	-0.383289	1.89877	0.212525	-1.60224	-1.39481	0.0404171	-2.52338	0.312167	1.24007
0.031893	1.80005	0.185539	-0.0376787	-0.752639	-0.148353	-0.394088	1.89948	0.215026	-1.60692	-1.41885	0.0319494	-2.592	0.316328	1.26281
0.0338863	1.80067	0.187703	-0.0402043	-0.76202	-0.149676	-0.403633	1.9002	0.216693	-1.61168	-1.43743	0.0232514	-2.65239	0.320566	1.28071
0.0358797	1.8013	0.189215	-0.0427615	-0.768733	-0.15103	-0.411982	1.90093	0.217602	-1.6165	-1.45097	0.0143508	-2.7051	0.324863	1.29414
0.037873	1.80194	0.190129	-0.0453411	-0.773001	-0.152413	-0.419213	1.90166	0.217838	-1.62137	-1.4599	0.00527329	-2.75061	0.329206	1.30347
0.0398663	1.80258	0.1905	-0.047935	-0.775023	-0.153819	-0.425402	1.90239	0.217476	-1.62627	-1.4646	-0.00395695	-2.78941	0.33358	1.30905
0.0418596	1.80322	0.190376	-0.0505358	-0.774982	-0.155247	-0.430619	1.90312	0.216577	-1.63119	-1.46544	-0.0133174	-2.82196	0.337973	1.31121
0.0438529	1.80385	0.189798	-0.0531364	-0.773056	-0.156692	-0.434941	1.90385	0.215205	-1.6361	-1.46273	-0.022787	-2.8487	0.342373	1.31021
0.0458462	1.80449	0.188796	-0.0557305	-0.769414	-0.158151	-0.438445	1.90457	0.213426	-1.64101	-1.45678	-0.0323464	-2.87005	0.346769	1.30629
0.0478395	1.80513	0.187404	-0.0583125	-0.764209	-0.159623	-0.441195	1.90529	0.211288	-1.6459	-1.44784	-0.0419774	-2.88643	0.351153	1.29964
0.0498329	1.80575	0.185658	-0.0608769	-0.757587	-0.161103	-0.443242	1.906	0.208843	-1.65076	-1.43618	-0.0516634	-2.8982	0.355514	1.29047
0.0518262	1.80638	0.183588	-0.0634192	-0.749695	-0.162591	-0.444637	1.9067	0.206152	-1.65558	-1.42207	-0.0613889	-2.90569	0.359845	1.27903
0.0538195	1.80699	0.181225	-0.0659349	-0.74067	-0.164083	-0.445416	1.90739	0.203277	-1.66035	-1.40577	-0.0711395	-2.90915	0.364137	1.26555
0.0558128	1.8076	0.178607	-0.0684204	-0.730633	-0.165577	-0.445609	1.90807	0.200266	-1.66507	-1.38754	-0.0809017	-2.90891	0.368383	1.25025
0.0578061	1.8082	0.175765	-0.0708722	-0.719696	-0.167073	-0.445256	1.90874	0.197162	-1.66972	-1.36758	-0.0906632	-2.90524	0.372579	1.23333
0.0597994	1.80879	0.172722	-0.0732872	-0.707964	-0.168567	-0.444405	1.9094	0.194008	-1.67431	-1.34611	-0.100412	-2.89843	0.376718	1.21496
0.0617927	1.80937	0.169508	-0.075663	-0.695526	-0.170058	-0.443098	1.91006	0.190836	-1.67883	-1.32329	-0.110139	-2.88877	0.380795	1.19531
0.0637861	1.80994	0.166146	-0.0779969	-0.682463	-0.171545	-0.441371	1.9107	0.187667	-1.68327	-1.29929	-0.119832	-2.87655	0.384806	1.17451
0.0657794	1.8105	0.162653	-0.0802871	-0.668858	-0.173026	-0.439268	1.91133	0.18453	-1.68763	-1.27427	-0.129485	-2.86197	0.388747	1.15271
0.0677727	1.81104	0.159038	-0.0825316	-0.654787	-0.1745	-0.436828	1.91194	0.181453	-1.69191	-1.24841	-0.139089	-2.84522	0.392615	1.13005
0.069766	1.81158	0.155317	-0.0847288	-0.64032	-0.175966	-0.434081	1.91255	0.178458	-1.6961	-1.22185	-0.148637	-2.82647	0.396407	1.10666
0.0717593	1.8121	0.151504	-0.0868775	-0.625524	-0.177423	-0.431056	1.91315	0.175574	-1.7002	-1.19473	-0.158122	-2.80592	0.400121	1.08268
0.0737526	1.81261	0.147606	-0.0889766	-0.61047	-0.178869	-0.427791	1.91374	0.172839	-1.70421	-1.16719	-0.167537	-2.78373	0.403754	1.05826
0.0757459	1.8131	0.143638	-0.0910252	-0.595219	-0.180305	-0.42432	1.91432	0.170292	-1.70812	-1.13934	-0.176879	-2.76007	0.407305	1.03355
0.0777393	1.81358	0.139615	-0.0930225	-0.579827	-0.181729	-0.420663	1.91489	0.167956	-1.71195	-1.11129	-0.186141	-2.73513	0.410774	1.00868
0.0797326	1.81405	0.135547	-0.0949683	-0.564339	-0.18314	-0.416844	1.91546	0.165838	-1.71568	-1.08311	-0.195319	-2.70907	0.414158	0.983728
0.0817259	1.81451	0.131443	-0.096862	-0.548795	-0.184539	-0.412888	1.91601	0.163935	-1.71931	-1.05487	-0.20441	-2.68197	0.417459	0.958776
0.0837192	1.81495	0.127313	-0.0987036	-0.533225	-0.185925	-0.408806	1.91656	0.162232	-1.72285	-1.02661	-0.21341	-2.65399	0.420677	0.933874
0.0857125	1.81537	0.123169	-0.100493	-0.517657	-0.187296	-0.404607	1.91711	0.160724	-1.72629	-0.998391	-0.222316	-2.62525	0.423811	0.909071
0.0877058	1.81579	0.119019	-0.10223	-0.502119	-0.188654	-0.400309	1.91765	0.159419	-1.72964	-0.970256	-0.231125	-2.59587	0.426861	0.884423
0.0896991	1.81619	0.114869	-0.103915	-0.486639	-0.189998	-0.395924	1.91818	0.158336	-1.7329	-0.942264	-0.239836	-2.56596	0.429829	0.859989
0.0916925	1.81657	0.110729	-0.105548	-0.47124	-0.191326	-0.391463	1.91871	0.157492	-1.73606	-0.914469	-0.248447	-2.53566	0.432715	0.835832
0.0936858	1.81694	0.106603	-0.107129	-0.455952	-0.19264	-0.386945	1.91924	0.1569	-1.73913	-0.886942	-0.256956	-2.50507	0.43552	0.812019
0.0956791	1.8173	0.102489	-0.108659	-0.440811	-0.193938	-0.382404	1.91977	0.15657	-1.74211	-0.859779	-0.265362	-2.4742	0.438245	0.788625
0.0976724	1.81765	0.098385	-0.110139	-0.425849	-0.195221	-0.37787	1.92029	0.156508	-1.74499	-0.833067	-0.273665	-2.44312	0.440891	0.765724
0.0996657	1.81798	0.0942942	-0.111568	-0.41109	-0.196489	-0.373359	1.92082	0.156718	-1.74779	-0.806863	-0.281863	-2.41189	0.443461	0.743375
0.101659	1.81829	0.090216	-0.112947	-0.396551	-0.197742	-0.368887	1.92135	0.157199	-1.7505	-0.781188	-0.289957	-2.38061	0.445955	0.721608
0.103652	1.8186	0.08615	-0.114278	-0.382239	-0.19898	-0.364459	1.92187	0.15795	-1.75312	-0.756031	-0.297945	-2.34939	0.448377	0.700432
0.105646	1.81888	0.0821017	-0.115561	-0.368156	-0.200203	-0.360073	1.9224	0.15897	-1.75565	-0.731365	-0.305829	-2.31837	0.450727	0.679855
0.107639	1.81916	0.0780773	-0.116796	-0.354306	-0.201412	-0.355725	1.92294	0.160248	-1.75811	-0.707178	-0.313609	-2.28765	0.453008	0.659874
0.109632	1.81942	0.0740797	-0.117985	-0.340694	-0.202605	-0.351426	1.92347	0.161766	-1.76048	-0.683489	-0.321285	-2.25724	0.455223	0.640484
0.111626	1.81967	0.0701135	-0.119128	-0.327331	-0.203785	-0.347186	1.92402	0.163507	-1.76278	-0.660324	-0.32886	-2.22712	0.457372	0.62168
0.113619	1.81991	0.0661853	-0.120227	-0.314224	-0.20495	-0.343017	1.92457	0.165461	-1.76499	-0.637709	-0.336334	-2.19733	0.459458	0.603466
0.115612	1.82013	0.0622953	-0.121281	-0.301385	-0.206101	-0.338942	1.92512	0.16763	-1.76713	-0.615661	-0.343707	-2.16787	0.461483	0.585841
0.117606	1.82034	0.0584368	-0.122292	-0.288833	-0.207238	-0.335	1.92568	0.170028	-1.7692	-0.594199	-0.350982	-2.13876	0.463449	0.568805
0.119599	1.82053	0.0546065	-0.123262	-0.276582	-0.208362	-0.331225	1.92625	0.172677	-1.77119	-0.573335	-0.358159	-2.11004	0.465358	0.552369
0.121592	1.82072	0.0508044	-0.12419	-0.26464	-0.209474	-0.327635	1.92683	0.175598	-1.77312	-0.55309	-0.36524	-2.08176	0.467211	0.536551
0.123585	1.82089	0.0470301	-0.125078	-0.253011	-0.210573	-0.32424	1.92742	0.178791	-1.77497	-0.533502	-0.372225	-2.05392	0.469012	0.521369
0.125579	1.82104	0.0432857	-0.125927	-0.241693	-0.211661	-0.321041	1.92802	0.182255	-1.77676	-0.514624	-0.379118	-2.0265	0.470762	0.506848
0.127572	1.82119	0.0395774	-0.126738	-0.230681	-0.212738	-0.318027	1.92863	0.185989	-1.77849	-0.496494	-0.385918	-1.99953	0.472462	0.493023
0.129565	1.82132	0.0359081	-0.127512	-0.219968	-0.213806	-0.315196	1.92926	0.18998	-1.78015	-0.479119	-0.392628	-1.97302	0.474117	0.479906
0.131559	1.82144	0.0322753	-0.12825	-0.209553	-0.214863	-0.312552	1.9299	0.194209	-1.78176	-0.462474	-0.399249	-1.94699	0.475727	0.467487
0.133552	1.82155	0.0286773	-0.128953	-0.199431	-0.215912	-0.3101	1.93055	0.19866	-1.78331	-0.446517	-0.405782	-1.92147	0.477296	0.455753
0.135545	1.82165	0.0251154	-0.129623	-0.189598	-0.216953	-0.307844	1.93121	0.203326	-1.78481	-0.431214	-0.41223	-1.89652	0.478825	0.444687
0.137539	1.82173	0.0215891	-0.130259	-0.180052	-0.217986	-0.305788	1.9319	0.208198	-1.78626	-0.41655	-0.418594	-1.87212	0.480318	0.434244
0.139532	1.8218	0.0180978	-0.130863	-0.170791	-0.219012	-0.303937	1.93259	0.21327	-1.78766	-0.40253	-0.424877	-1.84824	0.481775	0.42436
0.141525	1.82187	0.0146451	-0.131436	-0.161812	-0.220032	-0.302291	1.93331	0.218548	-1.78901	-0.389165	-0.431079	-1.82486	0.483199	0.41498
0.143519	1.82191	0.0112352	-0.131979	-0.153112	-0.221046	-0.300844	1.93404	0.224022	-1.79031	-0.376451	-0.437202	-1.80197	0.484591	0.406053
0.145512	1.82195	0.00786952	-0.132493	-0.14469	-0.222056	-0.299586	1.9348	0.229664	-1.79158	-0.364359	-0.443249	-1.77954	0.485954	0.397517
0.147505	1.82198	0.0045499	-0.132978	-0.136544	-0.223061	-0.298508	1.93557	0.235438	-1.7928	-0.35285	-0.449221	-1.75751	0.487288	0.38932
0.149499	1.82199	0.00128027	-0.133437	-0.128674	-0.224063	-0.297598	1.93636	0.241326	-1.79398	-0.341887	-0.455119	-1.73591	0.488594	0.381427
0.151492	1.822	-0.00193962	-0.133868	-0.121077	-0.225062	-0.296853	1.93717	0.247315	-1.79513	-0.331444	-0.460944	-1.7147	0.489874	0.37381
0.153485	1.82199	-0.00511488	-0.134275	-0.113753	-0.226058	-0.296282	1.938	0.253398	-1.79624	-0.321506	-0.466698	-1.69386	0.491129	0.366445
0.155479	1.82197	-0.00824899	-0.134656	-0.106701	-0.227052	-0.295895	1.93885	0.259586	-1.79732	-0.312069	-0.472382	-1.67336	0.492358	0.359317
0.157472	1.82195	-0.0113428	-0.135015	-0.0999177	-0.228045	-0.295698	1.93972	0.265889	-1.79837	-0.30313	-0.477997	-1.6532	0.493564	0.352419
0.159465	1.82191	-0.0143983	-0.13535	-0.0933978	-0.229037	-0.295694	1.94061	0.272293	-1.79939	-0.294683	-0.483545	-1.63333	0.494747	0.345721
0.161458	1.82186	-0.0174169	-0.135663	-0.0871358	-0.230029	-0.295883	1.94152	0.278777	-1.80038	-0.28672	-0.489026	-1.61369	0.495907	0.339187
0.163452	1.8218	-0.0203977	-0.135956	-0.081125	-0.231022	-0.296266	1.94246	0.285328	-1.80134	-0.279236	-0.494441	-1.59425	0.497045	0.332788
0.165445	1.82173	-0.0233425	-0.136228	-0.0753583	-0.232016	-0.296847	1.94342	0.291936	-1.80227	-0.272223	-0.499791	-1.57499	0.498162	0.326494
0.167438	1.82165	-0.0262587	-0.136481	-0.0698284	-0.233013	-0.297637	1.9444	0.298584	-1.80319	-0.265668	-0.505076	-1.55591	0.499257	0.320266
0.169432	1.82157	-0.0291537	-0.136715	-0.0645284	-0.234011	-0.298649	1.9454	0.305265	-1.80408	-0.259558	-0.510297	-1.537	0.500332	0.31407
0.171425	1.82147	-0.0320294	-0.136932	-0.0594523	-0.235014	-0.299888	1.94642	0.311979	-1.80495	-0.25389	-0.515455	-1.5183	0.501386	0.307885
0.173418	1.82136	-0.0348834	-0.137131	-0.0545947	-0.23602	-0.301339	1.94747	0.31871	-1.8058	-0.248654	-0.52055	-1.4998	0.502419	0.301692
0.175412	1.82124	-0.0377089	-0.137314	-0.0499513	-0.237031	-0.302971	1.94854	0.325426	-1.80664	-0.243845	-0.525583	-1.48144	0.503432	0.295478
0.177405	1.82112	-0.0404973	-0.137482	-0.0455172	-0.238048	-0.304754	1.94963	0.33211	-1.80746	-0.239461	-0.530554	-1.46321	0.504423	0.289232
0.179398	1.82098	-0.0432456	-0.137635	-0.0412856	-0.23907	-0.306671	1.95075	0.338756	-1.80826	-0.235496	-0.535464	-1.44511	0.505394	0.282942
0.181392	1.82084	-0.0459635	-0.137773	-0.0372451	-0.240099	-0.308723	1.95188	0.345355	-1.80905	-0.231928	-0.540313	-1.42716	0.506343	0.27658
0.183385	1.82068	-0.0486675	-0.137898	-0.0333832	-0.241135	-0.310928	1.95304	0.351909	-1.80983	-0.228731	-0.545102	-1.4094	0.507271	0.270114
0.185378	1.82052	-0.051372	-0.13801	-0.0296908	-0.242179	-0.313306	1.95422	0.358431	-1.8106	-0.22589	-0.549832	-1.39188	0.508178	0.263514
0.187372	1.82035	-0.0540852	-0.13811	-0.0261659	-0.24323	-0.315865	1.95542	0.364915	-1.81135	-0.223392	-0.554503	-1.37463	0.509062	0.256763
0.189365	1.82017	-0.0568095	-0.138198	-0.0228141	-0.24429	-0.318596	1.95665	0.371329	-1.8121	-0.221232	-0.559115	-1.35759	0.509924	0.249853
0.191358	1.81997	-0.0595431	-0.138274	-0.0196437	-0.245359	-0.321492	1.9579	0.377646	-1.81285	-0.219411	-0.563671	-1.34072	0.510762	0.242784
0.193351	1.81977	-0.0622842	-0.13834	-0.0166565	-0.246438	-0.324546	1.95916	0.383857	-1.81358	-0.217934	-0.56817	-1.32399	0.511577	0.235565
0.195345	1.81957	-0.0650349	-0.138396	-0.0138401	-0.247527	-0.327755	1.96045	0.389952	-1.81431	-0.216791	-0.572613	-1.30739	0.512367	0.228215
0.197338	1.81935	-0.067801	-0.138442	-0.0111714	-0.248627	-0.331123	1.96176	0.395933	-1.81504	-0.215963	-0.577	-1.29094	0.513133	0.220763
0.199331	1.81912	-0.0705887	-0.13848	-0.00862683	-0.249738	-0.334658	1.96309	0.401817	-1.81576	-0.215444	-0.581332	-1.27465	0.513874	0.21324
0.201325	1.81888	-0.0734015	-0.138509	-0.00619212	-0.250861	-0.338363	1.96444	0.407623	-1.81649	-0.215238	-0.58561	-1.25857	0.514589	0.205685
0.203318	1.81864	-0.07624	-0.13853	-0.00386435	-0.251997	-0.342224	1.9658	0.413346	-1.81721	-0.215349	-0.589833	-1.24267	0.51528	0.198144
0.205311	1.81838	-0.0791036	-0.138543	-0.00164853	-0.253145	-0.346228	1.96719	0.418984	-1.81793	-0.215793	-0.594003	-1.22694	0.515945	0.190661
0.207305	1.81812	-0.0819924	-0.138548	0.000450224	-0.254307	-0.350368	1.9686	0.424545	-1.81866	-0.216582	-0.59812	-1.21139	0.516584	0.183266
0.209298	1.81784	-0.0849074	-0.138547	0.00243376	-0.255483	-0.354637	1.97002	0.430018	-1.81938	-0.21769	-0.602185	-1.19603	0.517199	0.175958
0.211291	1.81756	-0.0878522	-0.138538	0.0043112	-0.256673	-0.359032	1.97146	0.435381	-1.82011	-0.219051	-0.606199	-1.18089	0.51779	0.168708
0.213285	1.81726	-0.0908315	-0.138524	0.00609341	-0.257877	-0.363555	1.97293	0.440622	-1.82085	-0.220604	-0.610162	-1.16601	0.518356	0.161481
0.215278	1.81696	-0.093848	-0.138504	0.00778835	-0.259097	-0.368211	1.9744	0.445742	-1.82159	-0.222301	-0.614074	-1.15141	0.518898	0.154261
0.217271	1.81664	-0.0968996	-0.138477	0.00939961	-0.260333	-0.372985	1.9759	0.450736	-1.82234	-0.224107	-0.617938	-1.13708	0.519415	0.147068
0.219265	1.81632	-0.0999827	-0.138446	0.0109269	-0.261585	-0.377862	1.97741	0.455606	-1.82309	-0.226001	-0.621754	-1.12295	0.519909	0.139951
0.221258	1.81598	-0.103096	-0.138409	0.0123693	-0.262853	-0.382836	1.97894	0.460368	-1.82385	-0.227984	-0.625522	-1.10901	0.520379	0.13297
0.223251	1.81563	-0.106242	-0.138368	0.0137298	-0.264137	-0.387907	1.98049	0.465034	-1.82461	-0.230048	-0.629244	-1.09526	0.520825	0.126182
0.225245	1.81528	-0.109424	-0.138322	0.0150172	-0.265439	-0.393075	1.98205	0.469593	-1.82538	-0.232171	-0.632919	-1.08171	0.521248	0.119638
0.227238	1.81491	-0.112653	-0.138271	0.0162423	-0.266758	-0.398355	1.98362	0.474042	-1.82616	-0.23433	-0.636549	-1.06842	0.52165	0.113382
0.229231	1.81453	-0.115937	-0.138217	0.0174134	-0.268095	-0.403759	1.98521	0.478391	-1.82695	-0.236498	-0.640134	-1.05545	0.52203	0.107439
0.231224	1.81414	-0.11928	-0.138158	0.0185348	-0.26945	-0.40928	1.98682	0.482636	-1.82774	-0.23863	-0.643676	-1.04282	0.522391	0.101796
0.233218	1.81374	-0.122679	-0.138096	0.019607	-0.270823	-0.414892	1.98844	0.48677	-1.82854	-0.240659	-0.647175	-1.03053	0.522732	0.096412
0.235211	1.81333	-0.126135	-0.13803	0.0206279	-0.272215	-0.420583	1.99007	0.490803	-1.82935	-0.242529	-0.650633	-1.01859	0.523056	0.0912393
0.237204	1.81291	-0.129648	-0.137961	0.0215959	-0.273627	-0.42635	1.99172	0.494745	-1.83016	-0.244202	-0.654052	-1.00703	0.523362	0.0862429
0.239198	1.81247	-0.133217	-0.137889	0.0225111	-0.275057	-0.432193	1.99338	0.498588	-1.83098	-0.245657	-0.657431	-0.995822	0.523651	0.0814009
0.241191	1.81203	-0.136842	-0.137813	0.0233745	-0.276508	-0.438123	1.99505	0.502329	-1.83181	-0.246887	-0.660773	-0.984951	0.523925	0.0767052
0.243184	1.81157	-0.140527	-0.137735	0.0241868	-0.277978	-0.444163	1.99674	0.505976	-1.83264	-0.247903	-0.664078	-0.974419	0.524182	0.0721582
0.245178	1.8111	-0.144272	-0.137653	0.0249499	-0.279468	-0.450317	1.99844	0.50953	-1.83347	-0.248714	-0.667348	-0.964186	0.524424	0.0677645
0.247171	1.81061	-0.148072	-0.13757	0.0256665	-0.28098	-0.456563	2.00015	0.512977	-1.8343	-0.24933	-0.670583	-0.954161	0.524652	0.0635281
0.249164	1.81011	-0.151929	-0.137484	0.0263396	-0.282512	-0.462887	2.00187	0.516317	-1.83514	-0.249762	-0.673785	-0.944275	0.524865	0.0594539
0.251158	1.8096	-0.155848	-0.137395	0.026972	-0.284065	-0.46929	2.0036	0.519561	-1.83598	-0.250019	-0.676954	-0.934502	0.525064	0.0555402
0.253151	1.80908	-0.159838	-0.137305	0.0275689	-0.28564	-0.475771	2.00534	0.522713	-1.83682	-0.250091	-0.68009	-0.924845	0.525251	0.0517684
0.255144	1.80855	-0.16391	-0.137212	0.0281364	-0.287236	-0.48234	2.0071	0.525775	-1.83766	-0.249957	-0.683193	-0.915344	0.525424	0.0481049
0.257138	1.808	-0.168083	-0.137118	0.0286794	-0.288855	-0.489029	2.00886	0.528769	-1.83849	-0.249595	-0.686265	-0.906072	0.525586	0.0445085
0.259131	1.80743	-0.172372	-0.137022	0.0292006	-0.290496	-0.495864	2.01064	0.531703	-1.83933	-0.248982	-0.689305	-0.897073	0.525735	0.0409268
0.261124	1.80685	-0.176782	-0.136924	0.0297012	-0.29216	-0.50285	2.01242	0.534563	-1.84017	-0.248087	-0.692316	-0.888323	0.525872	0.0372903
0.263117	1.80626	-0.181315	-0.136824	0.0301806	-0.293847	-0.509997	2.01421	0.537334	-1.841	-0.246883	-0.695297	-0.879784	0.525998	0.0335199
0.265111	1.80565	-0.185978	-0.136723	0.0306389	-0.295559	-0.517316	2.01602	0.540007	-1.84183	-0.245348	-0.698249	-0.871427	0.52611	0.0295468
0.267104	1.80503	-0.190758	-0.13662	0.0310788	-0.297295	-0.52478	2.01783	0.54256	-1.84265	-0.243479	-0.701173	-0.863189	0.526209	0.0253278
0.269097	1.80439	-0.195629	-0.136516	0.031506	-0.299056	-0.532328	2.01965	0.544952	-1.84347	-0.241287	-0.70407	-0.854984	0.526294	0.0208391
0.271091	1.80373	-0.200573	-0.13641	0.0319269	-0.300842	-0.539916	2.02148	0.547161	-1.84428	-0.238791	-0.706939	-0.84675	0.526364	0.0160633
0.273084	1.80306	-0.205579	-0.136303	0.0323467	-0.302654	-0.547521	2.02331	0.549178	-1.84508	-0.236022	-0.70978	-0.838459	0.526418	0.0109917
0.275077	1.80237	-0.210636	-0.136194	0.0327694	-0.304491	-0.555121	2.02516	0.550999	-1.84587	-0.233025	-0.712594	-0.830089	0.526455	0.00562912
0.277071	1.80166	-0.215743	-0.136084	0.0331976	-0.306354	-0.562717	2.02701	0.552632	-1.84665	-0.229855	-0.715379	-0.821642	0.526474	-2.04544e-05
0.279064	1.80094	-0.220911	-0.135973	0.0336319	-0.308242	-0.570337	2.02886	0.5541	-1.84743	-0.226556	-0.718136	-0.81314	0.526474	-0.00596548
0.281057	1.8002	-0.226149	-0.13586	0.0340703	-0.310156	-0.577992	2.03072	0.555419	-1.84819	-0.223156	-0.720865	-0.804581	0.526454	-0.0122196
0.283051	1.79944	-0.231453	-0.135746	0.0345086	-0.312096	-0.585671	2.03258	0.556588	-1.84893	-0.219661	-0.723565	-0.795923	0.526413	-0.0188018
0.285044	1.79866	-0.236829	-0.13563	0.0349427	-0.314061	-0.59337	2.03445	0.557607	-1.84967	-0.216066	-0.726236	-0.787115	0.52635	-0.0257463
0.287037	1.79787	-0.242283	-0.135513	0.0353734	-0.316052	-0.601098	2.03632	0.558481	-1.8504	-0.212371	-0.728877	-0.778114	0.526263	-0.0330855
0.289031	1.79705	-0.247799	-0.135394	0.0358099	-0.318069	-0.60884	2.0382	0.559193	-1.85111	-0.208588	-0.731488	-0.768854	0.526152	-0.0408222
0.291024	1.79622	-0.253354	-0.135274	0.0362688	-0.320112	-0.616571	2.04007	0.559714	-1.85181	-0.204745	-0.734068	-0.759252	0.526015	-0.0489412
0.293017	1.79537	-0.258937	-0.135152	0.0367679	-0.322181	-0.624298	2.04195	0.560029	-1.8525	-0.200872	-0.736616	-0.749237	0.525851	-0.0574309
0.295011	1.7945	-0.264545	-0.135029	0.0373182	-0.324276	-0.632032	2.04383	0.560143	-1.85317	-0.196998	-0.73913	-0.738753	0.525658	-0.066264
0.297004	1.79361	-0.270176	-0.134903	0.0379214	-0.326397	-0.639777	2.04571	0.560064	-1.85383	-0.193149	-0.741609	-0.727744	0.525436	-0.0753799
0.298997	1.79271	-0.275841	-0.134776	0.0385746	-0.328544	-0.647552	2.04759	0.559815	-1.85448	-0.18935	-0.744052	-0.716158	0.525183	-0.0847144
0.30099	1.79178	-0.281559	-0.134647	0.039277	-0.330717	-0.655393	2.04947	0.559426	-1.85512	-0.185617	-0.746455	-0.703958	0.524899	-0.0942217
0.302984	1.79084	-0.28733	-0.134515	0.0400321	-0.332916	-0.663305	2.05135	0.5589	-1.85574	-0.18196	-0.748817	-0.691119	0.524583	-0.103859
0.304977	1.78987	-0.293133	-0.13438	0.0408484	-0.335142	-0.671257	2.05322	0.558213	-1.85635	-0.178381	-0.751136	-0.677619	0.524234	-0.113584
0.30697	1.78889	-0.298953	-0.134243	0.0417363	-0.337395	-0.679236	2.05509	0.557347	-1.85695	-0.174883	-0.75341	-0.663454	0.523853	-0.123371
0.308964	1.78789	-0.304782	-0.134103	0.042699	-0.339674	-0.687233	2.05697	0.556306	-1.85753	-0.171474	-0.755636	-0.648653	0.523439	-0.1332
0.310957	1.78686	-0.310601	-0.13396	0.0437245	-0.34198	-0.695219	2.05883	0.555116	-1.85811	-0.168174	-0.757813	-0.633297	0.522992	-0.14302
0.31295	1.78582	-0.316397	-0.133813	0.0447923	-0.344313	-0.703167	2.06069	0.553823	-1.85867	-0.165015	-0.759938	-0.617489	0.522512	-0.152774
0.314944	1.78476	-0.322181	-0.133663	0.0458883	-0.346673	-0.711099	2.06255	0.552482	-1.85923	-0.162037	-0.76201	-0.601297	0.521999	-0.162421
0.316937	1.78368	-0.327982	-0.133509	0.047015	-0.349059	-0.71907	2.06441	0.551122	-1.85977	-0.159279	-0.764028	-0.584701	0.521454	-0.171931
0.31893	1.78258	-0.333834	-0.133351	0.0481929	-0.351472	-0.727148	2.06626	0.549724	-1.86031	-0.156777	-0.76599	-0.567569	0.520877	-0.181277
0.320924	1.78146	-0.33978	-0.13319	0.049451	-0.353912	-0.73542	2.0681	0.548257	-1.86083	-0.154565	-0.767895	-0.549731	0.520269	-0.190447
0.322917	1.78032	-0.345835	-0.133024	0.0508013	-0.35638	-0.74392	2.06994	0.546693	-1.86135	-0.152657	-0.76974	-0.531114	0.51963	-0.199434
0.32491	1.77916	-0.351924	-0.132853	0.0522163	-0.358876	-0.75252	2.07178	0.545	-1.86186	-0.15102	-0.771522	-0.511863	0.518961	-0.20821
0.326904	1.77798	-0.357911	-0.132678	0.0536366	-0.361402	-0.760968	2.0736	0.543152	-1.86237	-0.149588	-0.77324	-0.492296	0.518262	-0.216726
0.328897	1.77677	-0.363699	-0.132498	0.0550145	-0.363955	-0.76909	2.07543	0.541165	-1.86287	-0.148302	-0.774892	-0.472685	0.517535	-0.224955
0.33089	1.77555	-0.369339	-0.132313	0.0563623	-0.366536	-0.776972	2.07724	0.539117	-1.86337	-0.147157	-0.776478	-0.453008	0.51678	-0.23291
0.332884	1.77431	-0.375057	-0.132124	0.0577732	-0.369143	-0.785013	2.07905	0.53715	-1.86386	-0.14621	-0.777998	-0.432843	0.515998	-0.240643
0.334877	1.77306	-0.381172	-0.13193	0.0593841	-0.371778	-0.793779	2.08085	0.535433	-1.86435	-0.14555	-0.77945	-0.411549	0.515191	-0.248231
0.33687	1.77178	-0.387853	-0.131731	0.0612788	-0.374441	-0.803572	2.08265	0.534039	-1.86484	-0.145211	-0.780831	-0.388757	0.514358	-0.255734
0.338863	1.77048	-0.394835	-0.131525	0.0633841	-0.377138	-0.813923	2.08444	0.532794	-1.86533	-0.145071	-0.782136	-0.364888	0.5135	-0.263112
0.340857	1.76915	-0.401404	-0.131313	0.0654632	-0.379869	-0.823555	2.08623	0.53126	-1.86582	-0.144849	-0.78336	-0.341179	0.512617	-0.27022
0.34285	1.7678	-0.406793	-0.131093	0.0672532	-0.382633	-0.831101	2.08801	0.528985	-1.8663	-0.144258	-0.784505	-0.318989	0.51171	-0.276897
0.344843	1.76644	-0.410776	-0.130867	0.0686691	-0.385422	-0.836154	2.08979	0.525847	-1.86679	-0.14324	-0.785576	-0.298753	0.510781	-0.283069
0.346837	1.76506	-0.414036	-0.130637	0.0699321	-0.388228	-0.839922	2.09155	0.52228	-1.86727	-0.142123	-0.786578	-0.27932	0.509831	-0.288806
0.34883	1.76367	-0.417953	-0.130402	0.0714983	-0.391046	-0.844846	2.09331	0.519139	-1.86774	-0.141526	-0.787516	-0.258324	0.508862	-0.294283
0.350823	1.76227	-0.423855	-0.130162	0.0738084	-0.393881	-0.85328	2.09505	0.517245	-1.86822	-0.142033	-0.788382	-0.233477	0.507874	-0.299674
0.352817	1.76085	-0.432256	-0.129915	0.0770324	-0.396744	-0.86613	2.09678	0.516912	-1.8687	-0.143859	-0.789166	-0.203905	0.506868	-0.305031
0.35481	1.75939	-0.442663	-0.129656	0.0810051	-0.399651	-0.88251	2.09852	0.517832	-1.86918	-0.14677	-0.78985	-0.170468	0.505845	-0.310244
0.356803	1.75791	-0.454046	-0.129384	0.0853831	-0.402612	-0.900587	2.10026	0.519366	-1.86967	-0.150289	-0.790422	-0.134955	0.504804	-0.315124
0.358797	1.75639	-0.46542	-0.129098	0.0898359	-0.405634	-0.918608	2.102	0.520905	-1.87018	-0.153964	-0.790875	-0.0990891	0.503746	-0.319505
0.36079	1.75482	-0.476104	-0.128796	0.0941331	-0.408717	-0.935363	2.10375	0.522032	-1.87069	-0.157478	-0.791208	-0.0640787	0.502674	-0.323284
0.362783	1.75323	-0.485721	-0.12848	0.0981432	-0.411856	-0.950184	2.1055	0.522516	-1.87122	-0.160652	-0.791423	-0.0306201	0.501589	-0.32642
0.364777	1.7516	-0.4941	-0.128151	0.101804	-0.415044	-0.962774	2.10725	0.52226	-1.87176	-0.1634	-0.791525	0.000947912	0.500494	-0.328912
0.36677	1.74994	-0.501194	-0.12781	0.105093	-0.418275	-0.973057	2.10901	0.521241	-1.87231	-0.165692	-0.791522	0.0305002	0.49939	-0.33078
0.368763	1.74826	-0.507027	-0.127457	0.108013	-0.42154	-0.981076	2.11075	0.51948	-1.87286	-0.16753	-0.79142	0.058029	0.49828	-0.332059
0.370756	1.74656	-0.511652	-0.127094	0.110575	-0.424833	-0.986936	2.1125	0.517016	-1.87343	-0.168932	-0.791225	0.083587	0.497166	-0.332787
0.37275	1.74484	-0.515141	-0.126723	0.112799	-0.428144	-0.990768	2.11423	0.513899	-1.87399	-0.169921	-0.790945	0.107256	0.496049	-0.333003
0.374743	1.74311	-0.517569	-0.126345	0.114704	-0.431469	-0.992712	2.11596	0.510182	-1.87456	-0.170525	-0.790585	0.129133	0.494932	-0.332746
0.376736	1.74137	-0.519017	-0.12596	0.116312	-0.4348	-0.992912	2.11767	0.505917	-1.87514	-0.170772	-0.790151	0.14932	0.493815	-0.332057
0.37873	1.73963	-0.519575	-0.12557	0.117652	-0.438132	-0.991526	2.11937	0.50116	-1.87571	-0.170689	-0.78965	0.167959	0.492701	-0.330989
0.380723	1.73789	-0.519443	-0.125175	0.118805	-0.44146	-0.988842	2.12105	0.496002	-1.87628	-0.17029	-0.789087	0.185479	0.49159	-0.329712
0.382716	1.73614	-0.519836	-0.124776	0.120345	-0.444778	-0.9864	2.12271	0.49087	-1.87685	-0.169507	-0.788464	0.205004	0.490484	-0.32948
0.38471	1.7344	-0.529063	-0.124372	0.126279	-0.448088	-0.994467	2.12436	0.488542	-1.87742	-0.167678	-0.787776	0.24836	0.489378	-0.339095
0.386703	1.73262	-0.555469	-0.123949	0.140633	-0.451425	-1.02336	2.126	0.491808	-1.87798	-0.16414	-0.786943	0.337481	0.48824	-0.367405
0.388696	1.73076	-0.583549	-0.123477	0.155892	-0.454859	-1.05401	2.12765	0.49554	-1.87853	-0.160203	-0.78581	0.431404	0.487007	-0.397874
0.39069	1.7288	-0.608693	-0.122953	0.169815	-0.458396	-1.08078	2.12931	0.498226	-1.87907	-0.156275	-0.784363	0.517901	0.485672	-0.425562
0.392683	1.72676	-0.630725	-0.122384	0.182308	-0.462023	-1.10348	2.13098	0.499822	-1.8796	-0.152393	-0.782625	0.596446	0.484244	-0.450254
0.394676	1.72464	-0.649839	-0.121772	0.193455	-0.465726	-1.12238	2.13266	0.500409	-1.88011	-0.148561	-0.780623	0.667493	0.482733	-0.472127
0.39667	1.72246	-0.66624	-0.121123	0.203346	-0.469492	-1.13775	2.13434	0.500066	-1.88061	-0.144783	-0.778383	0.731531	0.481149	-0.491372
0.398663	1.72023	-0.680122	-0.12044	0.212067	-0.47331	-1.14985	2.13602	0.498873	-1.88109	-0.14106	-0.775929	0.789023	0.4795	-0.508173
0.400656	1.71794	-0.691667	-0.119729	0.219698	-0.477169	-1.15894	2.13769	0.496899	-1.88157	-0.137395	-0.773281	0.840404	0.477795	-0.522699
0.40265	1.71562	-0.701046	-0.118991	0.226316	-0.481058	-1.16524	2.13936	0.494213	-1.88203	-0.133789	-0.770461	0.886086	0.476041	-0.535112
0.404643	1.71327	-0.708422	-0.118232	0.231992	-0.484968	-1.16898	2.14102	0.490878	-1.88248	-0.130244	-0.767487	0.926458	0.474245	-0.545565
0.406636	1.71089	-0.713946	-0.117453	0.236794	-0.488891	-1.17035	2.14267	0.486954	-1.88291	-0.12676	-0.764378	0.961883	0.472414	-0.554199
0.408629	1.7085	-0.717759	-0.116659	0.240785	-0.492818	-1.16955	2.1443	0.482495	-1.88334	-0.12334	-0.761151	0.992706	0.470555	-0.561149
0.410623	1.70609	-0.719997	-0.115851	0.244024	-0.496743	-1.16676	2.14592	0.477553	-1.88375	-0.119984	-0.757819	1.01925	0.468672	-0.56654
0.412616	1.70367	-0.720784	-0.115032	0.246568	-0.500658	-1.16214	2.14752	0.472177	-1.88415	-0.116692	-0.754399	1.04182	0.46677	-0.570493
0.414609	1.70125	-0.720238	-0.114205	0.248469	-0.504558	-1.15586	2.14911	0.466411	-1.88455	-0.113466	-0.750903	1.06071	0.464856	-0.573116
0.416603	1.69884	-0.718469	-0.113371	0.249777	-0.508437	-1.14806	2.15067	0.460299	-1.88493	-0.110304	-0.747344	1.07617	0.462933	-0.574516
0.418596	1.69643	-0.715582	-0.112533	0.250538	-0.512289	-1.13888	2.15222	0.453878	-1.8853	-0.107209	-0.743732	1.08848	0.461005	-0.57479
0.420589	1.69403	-0.711673	-0.111692	0.250796	-0.516111	-1.12845	2.15374	0.447187	-1.88566	-0.104179	-0.74008	1.09786	0.459076	-0.57403
0.422583	1.69164	-0.706833	-0.11085	0.250591	-0.519898	-1.11689	2.15524	0.440258	-1.88601	-0.101214	-0.736396	1.10453	0.45715	-0.572323
0.424576	1.68927	-0.701147	-0.110009	0.249962	-0.523645	-1.10432	2.15672	0.433124	-1.88635	-0.098315	-0.732689	1.10872	0.455229	-0.569748
0.426569	1.68691	-0.694694	-0.109171	0.248945	-0.527351	-1.09083	2.15817	0.425813	-1.88668	-0.095481	-0.728969	1.11061	0.453317	-0.566383
0.428563	1.68458	-0.687548	-0.108335	0.247574	-0.531012	-1.07654	2.1596	0.418354	-1.887	-0.0927118	-0.725242	1.11039	0.451417	-0.562298
0.430556	1.68227	-0.67978	-0.107504	0.245879	-0.534624	-1.06152	2.161	0.410771	-1.88731	-0.0900069	-0.721516	1.10823	0.44953	-0.557558
0.432549	1.67999	-0.671454	-0.106679	0.243891	-0.538186	-1.04587	2.16238	0.403089	-1.88761	-0.0873658	-0.717797	1.1043	0.447659	-0.552228
0.434543	1.67774	-0.66263	-0.105861	0.241638	-0.541696	-1.02966	2.16373	0.395328	-1.8879	-0.0847879	-0.714091	1.09875	0.445806	-0.546363
0.436536	1.67552	-0.653365	-0.10505	0.239144	-0.545151	-1.01298	2.16506	0.387509	-1.88819	-0.0822725	-0.710404	1.09173	0.443972	-0.540018
0.438529	1.67332	-0.643712	-0.104248	0.236434	-0.548551	-0.995881	2.16636	0.37965	-1.88846	-0.079819	-0.70674	1.08336	0.44216	-0.533245
0.440522	1.67116	-0.633718	-0.103454	0.233531	-0.551892	-0.978436	2.16764	0.371769	-1.88873	-0.0774266	-0.703105	1.07377	0.440371	-0.526089
0.442516	1.66904	-0.623431	-0.10267	0.230455	-0.555176	-0.960701	2.16888	0.363881	-1.88899	-0.0750944	-0.699502	1.06308	0.438605	-0.518596
0.444509	1.66695	-0.612891	-0.101897	0.227227	-0.5584	-0.942733	2.1701	0.356	-1.88924	-0.0728216	-0.695934	1.0514	0.436865	-0.510806
0.446502	1.66489	-0.602139	-0.101135	0.223863	-0.561563	-0.924582	2.1713	0.348141	-1.88949	-0.0706074	-0.692406	1.03882	0.435151	-0.502757
0.448496	1.66287	-0.591211	-0.100383	0.220383	-0.564666	-0.906295	2.17247	0.340314	-1.88972	-0.0684508	-0.68892	1.02545	0.433464	-0.494484
0.450489	1.66088	-0.580139	-0.0996439	0.2168	-0.567707	-0.887915	2.17361	0.332532	-1.88995	-0.0663509	-0.685479	1.01138	0.431805	-0.48602
0.452482	1.65894	-0.568957	-0.0989164	0.21313	-0.570687	-0.869483	2.17472	0.324804	-1.89018	-0.0643068	-0.682085	0.996682	0.430174	-0.477397
0.454476	1.65703	-0.557691	-0.0982012	0.209387	-0.573604	-0.851034	2.17581	0.317138	-1.89039	-0.0623173	-0.678741	0.981437	0.428572	-0.468642
0.456469	1.65516	-0.54637	-0.0974985	0.205582	-0.57646	-0.832604	2.17688	0.309545	-1.8906	-0.0603817	-0.675447	0.965718	0.426999	-0.459782
0.458462	1.65332	-0.535017	-0.0968087	0.201728	-0.579254	-0.814222	2.17792	0.30203	-1.8908	-0.0584987	-0.672207	0.94959	0.425456	-0.45084
0.460456	1.65153	-0.523656	-0.0961317	0.197836	-0.581986	-0.795918	2.17893	0.294602	-1.891	-0.0566675	-0.66902	0.933117	0.423943	-0.441839
0.462449	1.64977	-0.512306	-0.0954678	0.193916	-0.584657	-0.777716	2.17992	0.287265	-1.89119	-0.054887	-0.665889	0.916354	0.422461	-0.4328
0.464442	1.64805	-0.500987	-0.0948171	0.189976	-0.587267	-0.759641	2.18088	0.280025	-1.89138	-0.0531562	-0.662814	0.899356	0.421008	-0.423742
0.466436	1.64637	-0.489716	-0.0941796	0.186026	-0.589816	-0.741714	2.18182	0.272887	-1.89155	-0.0514739	-0.659796	0.882172	0.419586	-0.414683
0.468429	1.64473	-0.478509	-0.0935554	0.182073	-0.592305	-0.723954	2.18274	0.265855	-1.89173	-0.0498393	-0.656836	0.864847	0.418195	-0.405638
0.470422	1.64312	-0.467381	-0.0929444	0.178124	-0.594734	-0.706379	2.18363	0.258933	-1.89189	-0.0482513	-0.653933	0.847423	0.416833	-0.396622
0.472416	1.64155	-0.456344	-0.0923467	0.174186	-0.597105	-0.689005	2.1845	0.252124	-1.89206	-0.0467087	-0.65109	0.82994	0.415503	-0.387649
0.474409	1.64002	-0.445411	-0.0917621	0.170265	-0.599417	-0.671846	2.18535	0.245431	-1.89221	-0.0452107	-0.648305	0.812432	0.414202	-0.37873
0.476402	1.63853	-0.434592	-0.0911908	0.166366	-0.601671	-0.654914	2.18617	0.238855	-1.89236	-0.0437562	-0.645578	0.794932	0.412931	-0.369878
0.478395	1.63707	-0.423897	-0.0906325	0.162495	-0.603869	-0.63822	2.18697	0.2324	-1.89251	-0.0423442	-0.642911	0.777471	0.41169	-0.361102
0.480389	1.63565	-0.413335	-0.0900872	0.158656	-0.606011	-0.621774	2.18775	0.226065	-1.89265	-0.0409736	-0.640302	0.760077	0.410478	-0.352412
0.482382	1.63426	-0.402913	-0.0895548	0.154853	-0.608097	-0.605585	2.18851	0.219853	-1.89279	-0.0396435	-0.637751	0.742773	0.409295	-0.343815
0.484375	1.63291	-0.392638	-0.0890352	0.15109	-0.610129	-0.58966	2.18925	0.213765	-1.89292	-0.0383529	-0.635259	0.725584	0.408141	-0.335319
0.486369	1.63159	-0.382516	-0.0885282	0.14737	-0.612108	-0.574006	2.18997	0.2078	-1.89305	-0.0371008	-0.632824	0.70853	0.407016	-0.326932
0.488362	1.63031	-0.372553	-0.0880336	0.143697	-0.614034	-0.558627	2.19066	0.20196	-1.89318	-0.0358863	-0.630446	0.69163	0.405919	-0.318657
0.490355	1.62906	-0.362752	-0.0875514	0.140072	-0.615909	-0.543529	2.19134	0.196244	-1.8933	-0.0347084	-0.628125	0.674901	0.40485	-0.310502
0.492349	1.62784	-0.353118	-0.0870814	0.136499	-0.617733	-0.528714	2.192	0.190652	-1.89341	-0.0335661	-0.625861	0.658359	0.403808	-0.30247
0.494342	1.62665	-0.343654	-0.0866233	0.132979	-0.619507	-0.514186	2.19264	0.185184	-1.89353	-0.0324586	-0.623651	0.642017	0.402793	-0.294566
0.496335	1.6255	-0.334362	-0.0861771	0.129514	-0.621233	-0.499946	2.19326	0.17984	-1.89363	-0.031385	-0.621497	0.625888	0.401804	-0.286793
0.498329	1.62438	-0.325246	-0.0857425	0.126105	-0.62291	-0.485997	2.19386	0.174618	-1.89374	-0.0303443	-0.619397	0.609982	0.400842	-0.279153
0.500322	1.62329	-0.316305	-0.0853193	0.122755	-0.624541	-0.472338	2.19445	0.169517	-1.89384	-0.0293357	-0.61735	0.594309	0.399905	-0.27165
0.502315	1.62223	-0.307543	-0.0849074	0.119464	-0.626126	-0.458969	2.19502	0.164537	-1.89394	-0.0283584	-0.615355	0.578878	0.398994	-0.264285
0.504309	1.62119	-0.298959	-0.0845065	0.116233	-0.627666	-0.445891	2.19557	0.159677	-1.89404	-0.0274114	-0.613413	0.563696	0.398107	-0.25706
0.506302	1.62019	-0.290554	-0.0841165	0.113063	-0.629163	-0.433103	2.19611	0.154935	-1.89413	-0.026494	-0.611521	0.548769	0.397244	-0.249976
0.508295	1.61921	-0.282329	-0.0837371	0.109955	-0.630616	-0.420603	2.19663	0.15031	-1.89422	-0.0256052	-0.60968	0.534102	0.396405	-0.243034
0.510288	1.61827	-0.274282	-0.0833681	0.106908	-0.632027	-0.40839	2.19713	0.1458	-1.8943	-0.0247445	-0.607888	0.5197	0.39559	-0.236235
0.512282	1.61735	-0.266413	-0.0830093	0.103923	-0.633398	-0.396461	2.19762	0.141404	-1.89439	-0.0239109	-0.606144	0.505567	0.394797	-0.229578
0.514275	1.61645	-0.258722	-0.0826606	0.101001	-0.634728	-0.384814	2.19809	0.13712	-1.89447	-0.0231037	-0.604447	0.491705	0.394027	-0.223064
0.516268	1.61558	-0.251208	-0.0823217	0.0981409	-0.636019	-0.373447	2.19855	0.132947	-1.89454	-0.0223221	-0.602797	0.478116	0.393278	-0.216693
0.518262	1.61474	-0.243868	-0.0819923	0.0953431	-0.637273	-0.362357	2.199	0.128883	-1.89462	-0.0215655	-0.601193	0.464802	0.392551	-0.210464
0.520255	1.61392	-0.236703	-0.0816724	0.0926073	-0.638489	-0.351539	2.19943	0.124926	-1.89469	-0.020833	-0.599633	0.451764	0.391845	-0.204376
0.522248	1.61313	-0.229709	-0.0813616	0.0899333	-0.639668	-0.340992	2.19985	0.121074	-1.89476	-0.0201241	-0.598117	0.439002	0.391159	-0.198429
0.524242	1.61236	-0.222886	-0.0810598	0.0873207	-0.640813	-0.330711	2.20026	0.117325	-1.89483	-0.019438	-0.596644	0.426515	0.390493	-0.19262
0.526235	1.61161	-0.216231	-0.0807668	0.084769	-0.641922	-0.320693	2.20065	0.113678	-1.89489	-0.018774	-0.595212	0.414304	0.389847	-0.18695
0.528228	1.61088	-0.209742	-0.0804824	0.0822777	-0.642998	-0.310933	2.20103	0.11013	-1.89496	-0.0181315	-0.593822	0.402367	0.389219	-0.181417
0.530222	1.61018	-0.203417	-0.0802063	0.0798463	-0.644042	-0.301427	2.2014	0.10668	-1.89502	-0.0175099	-0.592472	0.390702	0.388611	-0.176019
0.532215	1.6095	-0.197253	-0.0799383	0.0774741	-0.645053	-0.292172	2.20176	0.103326	-1.89508	-0.0169086	-0.591161	0.379308	0.38802	-0.170755
0.534208	1.60884	-0.191249	-0.0796783	0.0751605	-0.646034	-0.283163	2.20211	0.100065	-1.89513	-0.0163268	-0.589888	0.368182	0.387447	-0.165622
0.536202	1.60819	-0.185401	-0.0794261	0.0729046	-0.646984	-0.274396	2.20244	0.0968963	-1.89519	-0.0157642	-0.588653	0.357322	0.386891	-0.16062
0.538195	1.60757	-0.179708	-0.0791815	0.0707057	-0.647905	-0.265866	2.20277	0.0938171	-1.89524	-0.01522	-0.587453	0.346726	0.386352	-0.155746
0.540188	1.60697	-0.174166	-0.0789442	0.068563	-0.648797	-0.257569	2.20308	0.0908258	-1.89529	-0.0146937	-0.58629	0.33639	0.385829	-0.150998
0.542182	1.60638	-0.168772	-0.0787141	0.0664757	-0.649661	-0.2495	2.20339	0.0879204	-1.89534	-0.0141848	-0.585161	0.32631	0.385323	-0.146375
0.544175	1.60582	-0.163525	-0.0784911	0.0644428	-0.650499	-0.241655	2.20368	0.0850989	-1.89539	-0.0136928	-0.584066	0.316485	0.384832	-0.141873
0.546168	1.60527	-0.158421	-0.0782748	0.0624635	-0.651309	-0.234029	2.20397	0.0823594	-1.89543	-0.013217	-0.583004	0.30691	0.384356	-0.137492
0.548161	1.60474	-0.153457	-0.0780652	0.0605369	-0.652095	-0.226618	2.20425	0.0797	-1.89548	-0.0127571	-0.581974	0.297581	0.383894	-0.133229
0.550155	1.60422	-0.148631	-0.0778621	0.058662	-0.652855	-0.219416	2.20451	0.0771188	-1.89552	-0.0123125	-0.580976	0.288494	0.383447	-0.129081
0.552148	1.60372	-0.14394	-0.0776652	0.0568379	-0.653592	-0.21242	2.20477	0.0746139	-1.89556	-0.0118828	-0.580008	0.279647	0.383014	-0.125047
0.554141	1.60324	-0.139381	-0.0774745	0.0550636	-0.654304	-0.205625	2.20502	0.0721834	-1.8956	-0.0114674	-0.579069	0.271034	0.382594	-0.121125
0.556135	1.60277	-0.134951	-0.0772897	0.0533381	-0.654994	-0.199026	2.20526	0.0698256	-1.89564	-0.011066	-0.57816	0.262651	0.382188	-0.117311
0.558128	1.60232	-0.130648	-0.0771107	0.0516605	-0.655662	-0.192619	2.2055	0.0675386	-1.89568	-0.0106781	-0.577278	0.254495	0.381794	-0.113604
0.560121	1.60188	-0.126468	-0.0769374	0.0500298	-0.656309	-0.186399	2.20573	0.0653205	-1.89571	-0.0103032	-0.576424	0.246561	0.381413	-0.110002
0.562115	1.60146	-0.122409	-0.0767695	0.048445	-0.656934	-0.180363	2.20594	0.0631697	-1.89575	-0.00994106	-0.575597	0.238845	0.381044	-0.106502
0.564108	1.60105	-0.118468	-0.0766069	0.0469051	-0.657539	-0.174504	2.20616	0.0610845	-1.89578	-0.00959113	-0.574795	0.231343	0.380686	-0.103102
0.566101	1.60065	-0.114642	-0.0764495	0.0454092	-0.658125	-0.16882	2.20636	0.059063	-1.89581	-0.00925307	-0.574019	0.224049	0.38034	-0.0998001
0.568095	1.60027	-0.110929	-0.0762971	0.0439563	-0.658691	-0.163306	2.20656	0.0571036	-1.89585	-0.00892649	-0.573267	0.21696	0.380006	-0.0965937
0.570088	1.59989	-0.107325	-0.0761496	0.0425453	-0.659239	-0.157957	2.20675	0.0552047	-1.89588	-0.00861103	-0.572539	0.210072	0.379681	-0.0934807
0.572081	1.59953	-0.103829	-0.0760069	0.0411754	-0.65977	-0.152769	2.20694	0.0533646	-1.8959	-0.00830633	-0.571834	0.20338	0.379368	-0.0904589
0.574075	1.59918	-0.100437	-0.0758687	0.0398455	-0.660282	-0.147739	2.20712	0.0515817	-1.89593	-0.00801204	-0.571152	0.19688	0.379064	-0.0875261
0.576068	1.59885	-0.0971468	-0.075735	0.0385548	-0.660778	-0.142862	2.20729	0.0498546	-1.89596	-0.00772782	-0.570491	0.190567	0.37877	-0.0846802
0.578061	1.59852	-0.0939561	-0.0756056	0.0373022	-0.661257	-0.138134	2.20746	0.0481815	-1.89598	-0.00745335	-0.569852	0.184438	0.378486	-0.081919
0.580054	1.59821	-0.0908621	-0.0754804	0.0360869	-0.661721	-0.133552	2.20762	0.0465611	-1.89601	-0.00718831	-0.569233	0.178487	0.378211	-0.0792405
0.582048	1.5979	-0.0878624	-0.0753593	0.0349079	-0.662169	-0.129111	2.20777	0.0449919	-1.89603	-0.00693239	-0.568634	0.172711	0.377945	-0.0766425
0.584041	1.59761	-0.0849544	-0.0752422	0.0337643	-0.662602	-0.124807	2.20792	0.0434724	-1.89606	-0.00668529	-0.568054	0.167105	0.377688	-0.0741231
0.586034	1.59732	-0.0821358	-0.0751289	0.0326552	-0.663021	-0.120638	2.20807	0.0420012	-1.89608	-0.00644673	-0.567493	0.161666	0.37744	-0.0716802
0.588028	1.59705	-0.0794042	-0.0750193	0.0315798	-0.663426	-0.116598	2.20821	0.0405769	-1.8961	-0.00621641	-0.566951	0.15639	0.377199	-0.0693118
0.590021	1.59678	-0.0767572	-0.0749133	0.0305371	-0.663817	-0.112685	2.20835	0.0391982	-1.89612	-0.00599408	-0.566426	0.151271	0.376966	-0.067016
0.592014	1.59652	-0.0741926	-0.0748109	0.0295264	-0.664195	-0.108895	2.20848	0.0378638	-1.89614	-0.00577945	-0.565918	0.146307	0.376742	-0.0647908
0.594008	1.59627	-0.0717081	-0.0747118	0.0285467	-0.664561	-0.105225	2.20861	0.0365724	-1.89616	-0.00557229	-0.565428	0.141493	0.376524	-0.0626344
0.596001	1.59603	-0.0693015	-0.074616	0.0275972	-0.664914	-0.101672	2.20873	0.0353227	-1.89618	-0.00537234	-0.564953	0.136825	0.376314	-0.0605449
