0	1.79682	0	-0.0034693	0	-0.108942	0	1.88781	0	-1.5805	0	0.144668	0	0.250298	0
0.00198347	1.79682	0.00118329	-0.0034693	-0.0343584	-0.108942	-0.045633	1.88781	0.0186761	-1.5805	-0.0956214	0.144668	-0.035447	0.250298	0.0656392
0.00396693	1.79683	0.0022526	-0.00352666	-0.0668834	-0.109018	-0.0898609	1.88784	0.0362179	-1.58066	-0.18744	0.144609	-0.0706497	0.250408	0.128621
0.0059504	1.79683	0.00321323	-0.00363832	-0.0976489	-0.109168	-0.132703	1.8879	0.0526752	-1.58097	-0.275553	0.144491	-0.105562	0.250623	0.189017
0.00793387	1.79683	0.00407013	-0.00380134	-0.126726	-0.10939	-0.174179	1.88799	0.0680954	-1.58143	-0.360056	0.144315	-0.140143	0.250938	0.246897
0.00991733	1.79684	0.00482801	-0.0040129	-0.154182	-0.109681	-0.214308	1.8881	0.0825239	-1.58203	-0.441044	0.144081	-0.174355	0.25135	0.302329
0.0119008	1.79685	0.00549129	-0.00427029	-0.180082	-0.110038	-0.253114	1.88824	0.096004	-1.58277	-0.518607	0.14379	-0.208165	0.251855	0.35538
0.0138843	1.79686	0.00606413	-0.00457092	-0.204488	-0.110461	-0.290616	1.8884	0.108577	-1.58364	-0.592835	0.143442	-0.241543	0.252448	0.406114
0.0158677	1.79687	0.00655044	-0.0049123	-0.227461	-0.110946	-0.326838	1.88858	0.120282	-1.58463	-0.663816	0.143039	-0.274464	0.253126	0.454596
0.0178512	1.79688	0.00695389	-0.00529203	-0.249056	-0.111492	-0.361802	1.88878	0.131157	-1.58573	-0.731636	0.142581	-0.306905	0.253885	0.500886
0.0198347	1.79689	0.00727793	-0.00570781	-0.26933	-0.112096	-0.395532	1.889	0.141238	-1.58696	-0.796378	0.142068	-0.338847	0.254721	0.545046
0.0218181	1.7969	0.00752577	-0.00615744	-0.288335	-0.112756	-0.42805	1.88924	0.150557	-1.58828	-0.858125	0.141503	-0.370273	0.255631	0.587134
0.0238016	1.79692	0.00770044	-0.0066388	-0.306119	-0.113471	-0.459382	1.88949	0.159149	-1.58972	-0.916956	0.140884	-0.40117	0.256612	0.627208
0.0257851	1.79693	0.00780473	-0.00714984	-0.322732	-0.114237	-0.48955	1.88975	0.167043	-1.59125	-0.972949	0.140215	-0.431527	0.257659	0.665324
0.0277685	1.79694	0.00784129	-0.00768862	-0.33822	-0.115055	-0.518579	1.89003	0.17427	-1.59287	-1.02618	0.139494	-0.461337	0.258769	0.701536
0.029752	1.79696	0.00781255	-0.00825325	-0.352626	-0.11592	-0.546495	1.89032	0.180856	-1.59459	-1.07673	0.138724	-0.490592	0.25994	0.735898
0.0317355	1.79697	0.00772079	-0.00884194	-0.365993	-0.116833	-0.573321	1.89063	0.18683	-1.59638	-1.12466	0.137905	-0.519291	0.261169	0.768461
0.0337189	1.79698	0.00756811	-0.00945294	-0.37836	-0.11779	-0.599082	1.89094	0.192215	-1.59826	-1.17005	0.137038	-0.54743	0.262452	0.799276
0.0357024	1.79699	0.00735648	-0.0100846	-0.389766	-0.11879	-0.623803	1.89126	0.197036	-1.60021	-1.21296	0.136124	-0.575011	0.263786	0.828393
0.0376859	1.79701	0.00708772	-0.0107353	-0.400248	-0.119831	-0.647509	1.89159	0.201315	-1.60224	-1.25348	0.135164	-0.602035	0.265169	0.855859
0.0396693	1.79702	0.0067635	-0.0114035	-0.409842	-0.120912	-0.670225	1.89192	0.205076	-1.60433	-1.29165	0.134159	-0.628506	0.266598	0.881722
0.0416528	1.79703	0.00638538	-0.0120877	-0.41858	-0.122031	-0.691975	1.89227	0.208338	-1.60649	-1.32754	0.13311	-0.65443	0.26807	0.906026
0.0436363	1.79704	0.00595479	-0.0127864	-0.426495	-0.123186	-0.712785	1.89261	0.211121	-1.6087	-1.36123	0.132017	-0.679813	0.269583	0.928817
0.0456197	1.79705	0.00547306	-0.0134985	-0.433619	-0.124376	-0.732678	1.89297	0.213444	-1.61098	-1.39276	0.130883	-0.704662	0.271133	0.950138
0.0476032	1.79706	0.00494143	-0.0142223	-0.439979	-0.1256	-0.75168	1.89332	0.215325	-1.6133	-1.42221	0.129706	-0.728988	0.272719	0.97003
0.0495867	1.79707	0.00436104	-0.0149569	-0.445606	-0.126854	-0.769814	1.89368	0.216781	-1.61568	-1.44962	0.128489	-0.752799	0.274339	0.988536
0.0515701	1.79707	0.00373293	-0.0157008	-0.450526	-0.12814	-0.787104	1.89404	0.217829	-1.6181	-1.47506	0.127232	-0.776107	0.275989	1.0057
0.0535536	1.79708	0.0030581	-0.0164529	-0.454765	-0.129454	-0.803574	1.89441	0.218483	-1.62056	-1.49858	0.125937	-0.798923	0.277668	1.02155
0.0555371	1.79709	0.00233745	-0.0172121	-0.458348	-0.130795	-0.819249	1.89477	0.218759	-1.62306	-1.52023	0.124603	-0.821261	0.279373	1.03613
0.0575205	1.79709	0.00157186	-0.0179773	-0.461299	-0.132163	-0.83415	1.89514	0.218671	-1.6256	-1.54008	0.123232	-0.843131	0.281103	1.04948
0.059504	1.79709	0.000762127	-0.0187474	-0.463641	-0.133555	-0.848302	1.8955	0.218234	-1.62817	-1.55816	0.121824	-0.864549	0.282855	1.06163
0.0614875	1.79709	-9.09664e-05	-0.0195214	-0.465396	-0.134972	-0.861726	1.89587	0.217459	-1.63077	-1.57454	0.120381	-0.885528	0.284627	1.07263
0.0634709	1.79709	-0.000986681	-0.0202983	-0.466586	-0.13641	-0.874445	1.89623	0.21636	-1.6334	-1.58926	0.118903	-0.906082	0.286418	1.0825
0.0654544	1.79709	-0.0019243	-0.0210773	-0.467231	-0.13787	-0.886481	1.89659	0.214949	-1.63605	-1.60237	0.11739	-0.926224	0.288225	1.09128
0.0674379	1.79709	-0.00290311	-0.0218573	-0.46735	-0.13935	-0.897856	1.89695	0.213238	-1.63873	-1.61392	0.115844	-0.94597	0.290047	1.099
0.0694213	1.79708	-0.00392242	-0.0226375	-0.466963	-0.140849	-0.908591	1.89731	0.211239	-1.64142	-1.62396	0.114265	-0.965334	0.291882	1.10569
0.0714048	1.79708	-0.00498154	-0.0234171	-0.466089	-0.142366	-0.918706	1.89766	0.208962	-1.64413	-1.63253	0.112653	-0.984329	0.293728	1.11139
0.0733883	1.79707	-0.00607975	-0.0241952	-0.464746	-0.143899	-0.928222	1.89801	0.206419	-1.64686	-1.63967	0.11101	-1.00297	0.295583	1.11613
0.0753717	1.79706	-0.00721634	-0.024971	-0.46295	-0.145449	-0.937159	1.89835	0.203621	-1.6496	-1.64544	0.109335	-1.02127	0.297446	1.11993
0.0773552	1.79705	-0.00839056	-0.0257439	-0.460719	-0.147013	-0.945536	1.89869	0.200578	-1.65234	-1.64987	0.107631	-1.03925	0.299316	1.12284
0.0793387	1.79703	-0.00960163	-0.026513	-0.458069	-0.148592	-0.953373	1.89903	0.1973	-1.6551	-1.65301	0.105896	-1.0569	0.30119	1.12487
0.0813221	1.79702	-0.0108488	-0.0272777	-0.455017	-0.150184	-0.960687	1.89936	0.193798	-1.65786	-1.65489	0.104131	-1.07426	0.303068	1.12606
0.0833056	1.797	-0.0121311	-0.0280373	-0.451579	-0.151787	-0.967497	1.89968	0.190082	-1.66062	-1.65557	0.102338	-1.09133	0.304948	1.12643
0.0852891	1.79698	-0.0134477	-0.0287912	-0.447769	-0.153403	-0.973821	1.9	0.186162	-1.66338	-1.65508	0.100516	-1.10812	0.306829	1.12602
0.0872725	1.79696	-0.0147977	-0.0295387	-0.443602	-0.155028	-0.979675	1.90031	0.182048	-1.66615	-1.65347	0.0986659	-1.12465	0.308709	1.12484
0.089256	1.79693	-0.0161801	-0.0302793	-0.439095	-0.156664	-0.985076	1.90061	0.177751	-1.66891	-1.65076	0.0967884	-1.14092	0.310586	1.12294
0.0912395	1.7969	-0.0175938	-0.0310123	-0.43426	-0.158308	-0.990041	1.90091	0.173281	-1.67166	-1.64701	0.0948837	-1.15694	0.312461	1.12033
0.0932229	1.79687	-0.0190377	-0.0317373	-0.429114	-0.159961	-0.994584	1.9012	0.168647	-1.67441	-1.64225	0.0929523	-1.17273	0.314331	1.11704
0.0952064	1.79684	-0.0205106	-0.0324537	-0.423669	-0.161621	-0.998722	1.90148	0.16386	-1.67715	-1.63651	0.0909945	-1.18828	0.316196	1.11311
0.0971899	1.79681	-0.0220113	-0.033161	-0.417941	-0.163289	-1.00247	1.90175	0.158931	-1.67989	-1.62985	0.0890108	-1.20361	0.318054	1.10854
0.0991733	1.79677	-0.0235384	-0.0338587	-0.411942	-0.164962	-1.00584	1.90202	0.15387	-1.68261	-1.62229	0.0870014	-1.21873	0.319905	1.10338
0.101157	1.79673	-0.0250907	-0.0345464	-0.405687	-0.166641	-1.00884	1.90228	0.148687	-1.68531	-1.61387	0.0849668	-1.23364	0.321747	1.09764
0.10314	1.79669	-0.0266666	-0.0352237	-0.39919	-0.168326	-1.0115	1.90252	0.143394	-1.68801	-1.60463	0.0829074	-1.24834	0.323579	1.09135
0.105124	1.79665	-0.0282647	-0.0358901	-0.392464	-0.170014	-1.01381	1.90276	0.138	-1.69069	-1.59461	0.0808233	-1.26285	0.325401	1.08454
0.107107	1.7966	-0.0298835	-0.0365453	-0.385522	-0.171707	-1.0158	1.90299	0.132517	-1.69335	-1.58384	0.0787151	-1.27716	0.327212	1.07723
0.109091	1.79655	-0.0315212	-0.0371889	-0.378377	-0.173403	-1.01748	1.90321	0.126956	-1.69599	-1.57235	0.076583	-1.29127	0.32901	1.06944
0.111074	1.7965	-0.0331764	-0.0378206	-0.371043	-0.175101	-1.01885	1.90343	0.121328	-1.69862	-1.56019	0.0744273	-1.3052	0.330796	1.0612
0.113058	1.79644	-0.0348472	-0.03844	-0.363534	-0.176802	-1.01994	1.90363	0.115643	-1.70122	-1.54739	0.0722484	-1.31894	0.332567	1.05254
0.115041	1.79638	-0.0365319	-0.0390469	-0.35586	-0.178505	-1.02074	1.90382	0.109915	-1.70381	-1.53398	0.0700465	-1.33249	0.334324	1.04346
0.117025	1.79632	-0.0382288	-0.039641	-0.348037	-0.180209	-1.02127	1.90401	0.104153	-1.70637	-1.51999	0.067822	-1.34585	0.336066	1.03401
0.119008	1.79626	-0.039936	-0.040222	-0.340075	-0.181914	-1.02154	1.90418	0.0983689	-1.7089	-1.50547	0.0655752	-1.35903	0.337793	1.0242
0.120991	1.79619	-0.0416517	-0.0407897	-0.331989	-0.183619	-1.02156	1.90434	0.0925749	-1.71142	-1.49044	0.0633064	-1.37203	0.339502	1.01406
0.122975	1.79612	-0.043374	-0.041344	-0.323789	-0.185325	-1.02133	1.9045	0.0867823	-1.71391	-1.47493	0.0610159	-1.38484	0.341195	1.0036
0.124958	1.79605	-0.0451012	-0.0418845	-0.315488	-0.18703	-1.02087	1.90464	0.0810027	-1.71637	-1.45899	0.058704	-1.39746	0.342871	0.992847
0.126942	1.79597	-0.0468312	-0.0424112	-0.307099	-0.188734	-1.02018	1.90478	0.0752476	-1.7188	-1.44264	0.056371	-1.4099	0.344528	0.981827
0.128925	1.7959	-0.0485624	-0.0429239	-0.298632	-0.190437	-1.01928	1.9049	0.0695287	-1.72121	-1.4259	0.0540173	-1.42215	0.346167	0.970557
0.130909	1.79581	-0.0502927	-0.0434224	-0.290099	-0.192139	-1.01817	1.90502	0.0638575	-1.72359	-1.40882	0.0516431	-1.43421	0.347788	0.95906
0.132892	1.79573	-0.0520205	-0.0439067	-0.281512	-0.193838	-1.01685	1.90513	0.0582456	-1.72594	-1.39143	0.0492488	-1.44608	0.349389	0.947354
0.134876	1.79564	-0.0537438	-0.0443767	-0.272882	-0.195536	-1.01534	1.90522	0.0527045	-1.72827	-1.37374	0.0468347	-1.45776	0.35097	0.935461
0.136859	1.79555	-0.055461	-0.0448322	-0.264219	-0.197231	-1.01364	1.90531	0.0472455	-1.73056	-1.3558	0.044401	-1.46925	0.352532	0.923399
0.138843	1.79546	-0.0571704	-0.0452733	-0.255533	-0.198923	-1.01176	1.90539	0.0418799	-1.73282	-1.33762	0.0419482	-1.48054	0.354074	0.911187
0.140826	1.79537	-0.0588701	-0.0456999	-0.246835	-0.200612	-1.0097	1.90546	0.0366188	-1.73506	-1.31924	0.0394766	-1.49164	0.355595	0.898844
0.14281	1.79527	-0.0605587	-0.046112	-0.238135	-0.202298	-1.00748	1.90552	0.0314733	-1.73726	-1.30068	0.0369864	-1.50255	0.357095	0.886388
0.144793	1.79517	-0.0622345	-0.0465095	-0.229442	-0.20398	-1.0051	1.90557	0.0264542	-1.73943	-1.28197	0.034478	-1.51327	0.358575	0.873836
0.146777	1.79506	-0.0638961	-0.0468926	-0.220766	-0.205658	-1.00256	1.90562	0.0215722	-1.74157	-1.26313	0.0319517	-1.52379	0.360034	0.861206
0.14876	1.79496	-0.0655421	-0.0472611	-0.212114	-0.207331	-0.999876	1.90565	0.0168377	-1.74368	-1.24419	0.0294078	-1.53412	0.361472	0.848513
0.150743	1.79485	-0.067171	-0.0476152	-0.203496	-0.209001	-0.997048	1.90568	0.0122611	-1.74576	-1.22517	0.0268467	-1.54426	0.362888	0.835774
0.152727	1.79473	-0.0687817	-0.047955	-0.194919	-0.210665	-0.994083	1.9057	0.00785234	-1.7478	-1.20609	0.0242687	-1.55421	0.364283	0.823003
0.15471	1.79462	-0.0703728	-0.0482804	-0.186391	-0.212325	-0.990988	1.90572	0.00362123	-1.74982	-1.18698	0.021674	-1.56397	0.365657	0.810217
0.156694	1.7945	-0.0719434	-0.0485915	-0.17792	-0.213979	-0.987768	1.90572	-0.000422697	-1.7518	-1.16786	0.0190631	-1.57355	0.36701	0.797428
0.158677	1.79438	-0.0734924	-0.0488886	-0.169513	-0.215628	-0.98443	1.90572	-0.00427018	-1.75375	-1.14874	0.0164361	-1.58295	0.368341	0.78465
0.160661	1.79426	-0.0750188	-0.0491715	-0.161175	-0.217272	-0.980979	1.90571	-0.00791226	-1.75567	-1.12964	0.0137935	-1.59217	0.369651	0.771897
0.162644	1.79413	-0.0765219	-0.0494406	-0.152914	-0.218909	-0.97742	1.9057	-0.0113403	-1.75755	-1.11059	0.0111355	-1.60122	0.37094	0.75918
0.164628	1.79401	-0.0780008	-0.0496959	-0.144734	-0.220541	-0.973759	1.90568	-0.0145458	-1.75941	-1.0916	0.00846238	-1.61009	0.372207	0.746513
0.166611	1.79388	-0.079455	-0.0499375	-0.136642	-0.222167	-0.970003	1.90566	-0.0175209	-1.76123	-1.07269	0.00577445	-1.6188	0.373453	0.733906
0.168595	1.79374	-0.0808838	-0.0501656	-0.128642	-0.223786	-0.966156	1.90563	-0.0202579	-1.76302	-1.05387	0.00307197	-1.62735	0.374679	0.72137
0.170578	1.79361	-0.0822867	-0.0503804	-0.120739	-0.225399	-0.962224	1.90559	-0.0227493	-1.76478	-1.03517	0.000355214	-1.63575	0.375883	0.708916
0.172562	1.79347	-0.0836635	-0.050582	-0.112938	-0.227005	-0.958212	1.90556	-0.0249884	-1.76651	-1.01658	-0.00237556	-1.64401	0.377066	0.696552
0.174545	1.79333	-0.0850138	-0.0507705	-0.105241	-0.228605	-0.954127	1.90552	-0.0269684	-1.7682	-0.998136	-0.00512011	-1.65212	0.378229	0.684289
0.176529	1.79319	-0.0863373	-0.0509462	-0.0976538	-0.230198	-0.949972	1.90547	-0.0286832	-1.76987	-0.979838	-0.00787821	-1.6601	0.379372	0.672134
0.178512	1.79305	-0.087634	-0.0511092	-0.0901783	-0.231784	-0.945754	1.90542	-0.030127	-1.7715	-0.961703	-0.0106496	-1.66795	0.380494	0.660097
0.180495	1.7929	-0.0889038	-0.0512598	-0.0828179	-0.233363	-0.941478	1.90537	-0.0312944	-1.77311	-0.94374	-0.0134341	-1.67568	0.381596	0.648183
0.182479	1.79275	-0.0901468	-0.051398	-0.075575	-0.234934	-0.937149	1.90532	-0.0321805	-1.77469	-0.925961	-0.0162316	-1.6833	0.382678	0.636402
0.184462	1.7926	-0.091363	-0.0515242	-0.0684521	-0.236499	-0.932772	1.90527	-0.0327809	-1.77623	-0.908375	-0.0190417	-1.69082	0.38374	0.624758
0.186446	1.79245	-0.0925527	-0.0516385	-0.0614511	-0.238056	-0.928352	1.90521	-0.0330916	-1.77775	-0.890992	-0.0218644	-1.69824	0.384783	0.613258
0.188429	1.79229	-0.0937161	-0.0517411	-0.0545738	-0.239606	-0.923895	1.90516	-0.0331089	-1.77924	-0.873819	-0.0246995	-1.70557	0.385807	0.601907
0.190413	1.79214	-0.0948536	-0.0518322	-0.0478217	-0.241148	-0.919405	1.9051	-0.0328299	-1.78069	-0.856864	-0.0275469	-1.71282	0.386812	0.590711
0.192396	1.79198	-0.0959655	-0.051912	-0.0411958	-0.242683	-0.914887	1.90505	-0.032252	-1.78212	-0.840134	-0.0304063	-1.72	0.387798	0.579675
0.19438	1.79182	-0.0970523	-0.0519808	-0.0346973	-0.24421	-0.910346	1.90499	-0.0313732	-1.78353	-0.823637	-0.0332777	-1.72711	0.388766	0.568801
0.196363	1.79166	-0.0981145	-0.0520387	-0.0283269	-0.24573	-0.905787	1.90494	-0.0301921	-1.7849	-0.807377	-0.036161	-1.73416	0.389715	0.558095
0.198347	1.79149	-0.0991527	-0.052086	-0.022085	-0.247242	-0.901214	1.90489	-0.0287077	-1.78625	-0.79136	-0.0390561	-1.74116	0.390647	0.547558
0.20033	1.79133	-0.100167	-0.0521229	-0.0159721	-0.248747	-0.896632	1.90484	-0.0269196	-1.78757	-0.77559	-0.0419628	-1.74811	0.391561	0.537195
0.202314	1.79116	-0.10116	-0.0521495	-0.00998826	-0.250244	-0.892044	1.9048	-0.0248281	-1.78887	-0.760072	-0.0448811	-1.75501	0.392458	0.527007
0.204297	1.79099	-0.10213	-0.0521662	-0.00413346	-0.251733	-0.887456	1.90476	-0.022434	-1.79014	-0.744809	-0.047811	-1.76189	0.393338	0.516996
0.206281	1.79082	-0.103078	-0.0521731	0.00159249	-0.253214	-0.882871	1.90472	-0.0197386	-1.79138	-0.729805	-0.0507524	-1.76873	0.394201	0.507165
0.208264	1.79065	-0.104007	-0.0521704	0.00718992	-0.254688	-0.878294	1.90468	-0.016744	-1.7926	-0.715061	-0.0537051	-1.77554	0.395047	0.497513
0.210247	1.79047	-0.104915	-0.0521584	0.0126593	-0.256155	-0.873728	1.90466	-0.0134527	-1.79379	-0.70058	-0.0566692	-1.78232	0.395878	0.488043
0.212231	1.7903	-0.105805	-0.0521373	0.0180012	-0.257613	-0.869177	1.90463	-0.00986797	-1.79496	-0.686363	-0.0596447	-1.78908	0.396693	0.478754
0.214214	1.79012	-0.106677	-0.0521072	0.0232164	-0.259064	-0.864644	1.90462	-0.00599357	-1.79611	-0.672413	-0.0626315	-1.79582	0.397492	0.469647
0.216198	1.78995	-0.107532	-0.0520685	0.0283057	-0.260508	-0.860133	1.90461	-0.00183394	-1.79723	-0.658729	-0.0656295	-1.80254	0.398276	0.460721
0.218181	1.78977	-0.108371	-0.0520212	0.03327	-0.261944	-0.855648	1.9046	0.0026059	-1.79833	-0.645312	-0.0686387	-1.80924	0.399045	0.451976
0.220165	1.78958	-0.109195	-0.0519657	0.0381102	-0.263372	-0.851191	1.90461	0.00732034	-1.79941	-0.632163	-0.0716591	-1.81592	0.3998	0.443411
0.222148	1.7894	-0.110004	-0.0519021	0.0428275	-0.264793	-0.846765	1.90462	0.0123032	-1.80046	-0.61928	-0.0746906	-1.82257	0.40054	0.435025
0.224132	1.78922	-0.110801	-0.0518306	0.0474229	-0.266207	-0.842374	1.90464	0.0175477	-1.80149	-0.606663	-0.0777333	-1.8292	0.401266	0.426817
0.226115	1.78903	-0.111586	-0.0517514	0.0518977	-0.267613	-0.838019	1.90467	0.0230465	-1.80251	-0.594312	-0.080787	-1.83579	0.401979	0.418784
0.228099	1.78885	-0.11236	-0.0516648	0.056253	-0.269012	-0.833704	1.90471	0.0287919	-1.8035	-0.582224	-0.0838517	-1.84235	0.402678	0.410924
0.230082	1.78866	-0.113125	-0.0515709	0.0604902	-0.270404	-0.829432	1.90476	0.0347754	-1.80447	-0.570399	-0.0869274	-1.84887	0.403364	0.403237
0.232066	1.78847	-0.11388	-0.0514699	0.0646106	-0.271788	-0.825204	1.90482	0.0409882	-1.80542	-0.558835	-0.090014	-1.85534	0.404037	0.395718
0.234049	1.78828	-0.114628	-0.051362	0.0686155	-0.273166	-0.821023	1.90488	0.0474211	-1.80636	-0.54753	-0.0931113	-1.86175	0.404698	0.388365
0.236033	1.78809	-0.11537	-0.0512475	0.0725063	-0.274537	-0.816891	1.90496	0.0540645	-1.80727	-0.536481	-0.0962194	-1.8681	0.405346	0.381176
0.238016	1.7879	-0.116107	-0.0511264	0.0762844	-0.2759	-0.81281	1.90505	0.0609082	-1.80817	-0.525686	-0.099338	-1.87438	0.405982	0.374146
0.239999	1.7877	-0.116841	-0.0509991	0.0799513	-0.277257	-0.808783	1.90516	0.0679419	-1.80904	-0.515142	-0.102467	-1.88058	0.406607	0.367273
0.241983	1.78751	-0.117571	-0.0508656	0.0835084	-0.278608	-0.804811	1.90527	0.075155	-1.8099	-0.504848	-0.105607	-1.88669	0.40722	0.360554
0.243966	1.78731	-0.118301	-0.0507262	0.0869572	-0.279951	-0.800896	1.90539	0.0825366	-1.81075	-0.494799	-0.108756	-1.8927	0.407822	0.353984
0.24595	1.78711	-0.119031	-0.050581	0.0902991	-0.281288	-0.79704	1.90553	0.0900755	-1.81157	-0.484992	-0.111916	-1.89859	0.408413	0.34756
0.247933	1.78692	-0.119763	-0.0504303	0.0935357	-0.282619	-0.793246	1.90568	0.0977605	-1.81238	-0.475425	-0.115086	-1.90435	0.408993	0.341278
0.249917	1.78672	-0.120497	-0.0502741	0.0966684	-0.283943	-0.789515	1.90585	0.10558	-1.81318	-0.466095	-0.118265	-1.90998	0.409563	0.335133
0.2519	1.78651	-0.121237	-0.0501127	0.0996988	-0.285261	-0.785849	1.90602	0.113523	-1.81395	-0.456997	-0.121453	-1.91546	0.410122	0.329121
0.253884	1.78631	-0.121983	-0.0499463	0.102628	-0.286573	-0.782251	1.90621	0.121578	-1.81472	-0.448129	-0.124651	-1.92078	0.410672	0.323239
0.255867	1.78611	-0.122736	-0.049775	0.105459	-0.287879	-0.778721	1.90641	0.129734	-1.81547	-0.439486	-0.127858	-1.92592	0.411211	0.317482
0.257851	1.7859	-0.1235	-0.0495989	0.108192	-0.289179	-0.775264	1.90663	0.137978	-1.8162	-0.431067	-0.131073	-1.93087	0.411741	0.311844
0.259834	1.7857	-0.124274	-0.0494183	0.110828	-0.290473	-0.77188	1.90686	0.146301	-1.81692	-0.422866	-0.134296	-1.93563	0.412262	0.306323
0.261818	1.78549	-0.125062	-0.0492333	0.11337	-0.291762	-0.768572	1.90711	0.154691	-1.81762	-0.41488	-0.137528	-1.94017	0.412773	0.300912
0.263801	1.78528	-0.125865	-0.049044	0.11582	-0.293045	-0.765343	1.90736	0.163137	-1.81832	-0.407107	-0.140767	-1.94448	0.413276	0.295608
0.265785	1.78507	-0.126686	-0.0488506	0.118178	-0.294323	-0.762195	1.90764	0.171629	-1.819	-0.399542	-0.144013	-1.94855	0.413769	0.290405
0.267768	1.78486	-0.127525	-0.0486534	0.120446	-0.295595	-0.759132	1.90792	0.180157	-1.81966	-0.392183	-0.147266	-1.95237	0.414254	0.2853
0.269751	1.78465	-0.128386	-0.0484523	0.122627	-0.296862	-0.756156	1.90822	0.188711	-1.82032	-0.385024	-0.150525	-1.95593	0.41473	0.280287
0.271735	1.78443	-0.12927	-0.0482476	0.124721	-0.298125	-0.75327	1.90854	0.197281	-1.82096	-0.378065	-0.153791	-1.95921	0.415198	0.275362
0.273718	1.78422	-0.130181	-0.0480394	0.12673	-0.299382	-0.750478	1.90887	0.205859	-1.82159	-0.3713	-0.157061	-1.9622	0.415658	0.270519
0.275702	1.784	-0.13112	-0.0478278	0.128657	-0.300635	-0.747783	1.90921	0.214436	-1.82221	-0.364727	-0.160337	-1.9649	0.41611	0.265754
0.277685	1.78378	-0.13209	-0.047613	0.130503	-0.301883	-0.745189	1.90957	0.223004	-1.82282	-0.358342	-0.163617	-1.96729	0.416553	0.261063
0.279669	1.78356	-0.133094	-0.0473951	0.132269	-0.303127	-0.742701	1.90994	0.231555	-1.82342	-0.352143	-0.166902	-1.96937	0.416989	0.256441
0.281652	1.78334	-0.134133	-0.0471743	0.133957	-0.304367	-0.740322	1.91033	0.240082	-1.82401	-0.346127	-0.170189	-1.97111	0.417417	0.251882
0.283636	1.78311	-0.135212	-0.0469507	0.13557	-0.305603	-0.738057	1.91073	0.248578	-1.82459	-0.34029	-0.17348	-1.97253	0.417838	0.247383
0.285619	1.78289	-0.136334	-0.0467244	0.137108	-0.306835	-0.735911	1.91114	0.257039	-1.82515	-0.334631	-0.176773	-1.9736	0.418251	0.242938
0.287603	1.78266	-0.1375	-0.0464955	0.138575	-0.308064	-0.733889	1.91157	0.265458	-1.82571	-0.329146	-0.180068	-1.97432	0.418656	0.238544
0.289586	1.78243	-0.138715	-0.0462641	0.139971	-0.309289	-0.731996	1.91202	0.27383	-1.82626	-0.323832	-0.183364	-1.97469	0.419055	0.234195
0.29157	1.7822	-0.139981	-0.0460305	0.141299	-0.310511	-0.730237	1.91247	0.282151	-1.8268	-0.318688	-0.18666	-1.97469	0.419445	0.229887
0.293553	1.78197	-0.141302	-0.0457946	0.14256	-0.31173	-0.728619	1.91294	0.290417	-1.82733	-0.313712	-0.189957	-1.97433	0.419829	0.225616
0.295537	1.78173	-0.142681	-0.0455566	0.143757	-0.312947	-0.727148	1.91343	0.298625	-1.82786	-0.3089	-0.193253	-1.97359	0.420206	0.221377
0.29752	1.78149	-0.144122	-0.0453166	0.144891	-0.314161	-0.725829	1.91393	0.306773	-1.82837	-0.304252	-0.196548	-1.97248	0.420575	0.217165
0.299503	1.78125	-0.145629	-0.0450747	0.145964	-0.315372	-0.724669	1.91444	0.314859	-1.82888	-0.299764	-0.199841	-1.97099	0.420938	0.212977
0.301487	1.78101	-0.147205	-0.044831	0.146978	-0.316582	-0.723676	1.91497	0.322881	-1.82938	-0.295436	-0.203131	-1.96913	0.421294	0.208808
0.30347	1.78076	-0.148853	-0.0445857	0.147936	-0.31779	-0.722856	1.9155	0.330837	-1.82988	-0.291265	-0.206418	-1.96688	0.421642	0.204654
0.305454	1.78051	-0.150579	-0.0443387	0.148839	-0.318997	-0.722216	1.91606	0.338729	-1.83036	-0.287251	-0.209702	-1.96424	0.421984	0.200511
0.307437	1.78026	-0.152386	-0.0440902	0.149689	-0.320203	-0.721763	1.91662	0.346555	-1.83084	-0.283391	-0.212981	-1.96122	0.422319	0.196374
0.309421	1.78001	-0.154277	-0.0438403	0.150488	-0.321408	-0.721506	1.9172	0.354316	-1.83131	-0.279684	-0.216255	-1.95782	0.422646	0.192239
0.311404	1.77975	-0.156258	-0.0435891	0.151239	-0.322612	-0.721452	1.91779	0.362014	-1.83178	-0.27613	-0.219524	-1.95404	0.422967	0.188104
0.313388	1.77949	-0.158331	-0.0433366	0.151942	-0.323816	-0.721609	1.9184	0.36965	-1.83224	-0.272726	-0.222786	-1.94987	0.423281	0.183963
0.315371	1.77922	-0.160502	-0.0430829	0.152602	-0.325021	-0.721984	1.91901	0.377226	-1.8327	-0.269472	-0.226041	-1.94533	0.423588	0.179812
0.317355	1.77896	-0.162774	-0.0428282	0.153218	-0.326226	-0.722586	1.91964	0.384743	-1.83315	-0.266367	-0.229289	-1.9404	0.423889	0.175649
0.319338	1.77869	-0.165151	-0.0425724	0.153794	-0.327433	-0.723423	1.92029	0.392205	-1.83359	-0.26341	-0.232528	-1.9351	0.424182	0.171469
0.321322	1.77841	-0.167638	-0.0423157	0.154332	-0.32864	-0.724503	1.92094	0.399615	-1.83403	-0.2606	-0.235758	-1.92943	0.424468	0.167268
0.323305	1.77813	-0.17024	-0.042058	0.154832	-0.32985	-0.725835	1.92161	0.406976	-1.83447	-0.257936	-0.238979	-1.9234	0.424747	0.163044
0.325289	1.77785	-0.172959	-0.0417995	0.155299	-0.331062	-0.727425	1.92229	0.414292	-1.8349	-0.255419	-0.24219	-1.91699	0.42502	0.158792
0.327272	1.77756	-0.1758	-0.0415403	0.155733	-0.332276	-0.729283	1.92298	0.421566	-1.83532	-0.253046	-0.245391	-1.91023	0.425285	0.15451
0.329256	1.77726	-0.178767	-0.0412803	0.156136	-0.333494	-0.731415	1.92368	0.428803	-1.83575	-0.250818	-0.24858	-1.90312	0.425543	0.150194
0.331239	1.77696	-0.181864	-0.0410196	0.156511	-0.334715	-0.733831	1.9244	0.436005	-1.83616	-0.248734	-0.251757	-1.89565	0.425793	0.14584
0.333222	1.77666	-0.185094	-0.0407583	0.156859	-0.33594	-0.736536	1.92513	0.443179	-1.83658	-0.246793	-0.254922	-1.88785	0.426037	0.141447
0.335206	1.77635	-0.188462	-0.0404965	0.157182	-0.337169	-0.739539	1.92587	0.450328	-1.83699	-0.244994	-0.258073	-1.8797	0.426273	0.137011
0.337189	1.77604	-0.19197	-0.0402341	0.157483	-0.338404	-0.742846	1.92662	0.457456	-1.8374	-0.243337	-0.261211	-1.87122	0.426502	0.132529
0.339173	1.77572	-0.195622	-0.0399712	0.157763	-0.339644	-0.746463	1.92738	0.464569	-1.83781	-0.241822	-0.264335	-1.86242	0.426723	0.127999
0.341156	1.77539	-0.199422	-0.0397078	0.158023	-0.34089	-0.750397	1.92816	0.471669	-1.83821	-0.240448	-0.267444	-1.85329	0.426937	0.123418
0.34314	1.77506	-0.203371	-0.039444	0.158266	-0.342143	-0.754653	1.92894	0.478762	-1.83861	-0.239213	-0.270538	-1.84385	0.427143	0.118784
0.345123	1.77472	-0.207472	-0.0391798	0.158494	-0.343403	-0.759236	1.92974	0.485852	-1.83901	-0.238117	-0.273616	-1.83411	0.427341	0.114095
0.347107	1.77437	-0.211729	-0.0389152	0.158708	-0.34467	-0.764152	1.93056	0.492943	-1.83941	-0.237159	-0.276678	-1.82407	0.427531	0.109349
0.34909	1.77402	-0.216141	-0.0386502	0.158909	-0.345946	-0.769402	1.93138	0.500038	-1.83981	-0.236338	-0.279723	-1.81373	0.427714	0.104544
0.351074	1.77366	-0.220712	-0.0383849	0.1591	-0.34723	-0.774991	1.93221	0.507141	-1.8402	-0.235653	-0.282751	-1.80311	0.427888	0.0996784
0.353057	1.77329	-0.225443	-0.0381193	0.159282	-0.348524	-0.780922	1.93306	0.514256	-1.84059	-0.235102	-0.285761	-1.79221	0.428055	0.0947515
0.355041	1.77291	-0.230334	-0.0378534	0.159456	-0.349828	-0.787194	1.93392	0.521385	-1.84099	-0.234684	-0.288753	-1.78104	0.428213	0.0897617
0.357024	1.77253	-0.235385	-0.0375872	0.159624	-0.351142	-0.793811	1.93479	0.528531	-1.84138	-0.234398	-0.291727	-1.7696	0.428363	0.0847082
0.359008	1.77214	-0.240598	-0.0373207	0.159788	-0.352467	-0.80077	1.93567	0.535696	-1.84177	-0.234241	-0.294681	-1.7579	0.428504	0.0795903
0.360991	1.77173	-0.245971	-0.037054	0.159947	-0.353804	-0.808072	1.93656	0.542882	-1.84216	-0.234212	-0.297616	-1.74596	0.428637	0.0744077
0.362974	1.77132	-0.251504	-0.036787	0.160105	-0.355153	-0.815714	1.93747	0.55009	-1.84255	-0.234309	-0.30053	-1.73377	0.428761	0.0691602
0.364958	1.7709	-0.257195	-0.0365197	0.160261	-0.356515	-0.823693	1.93839	0.557322	-1.84294	-0.234528	-0.303425	-1.72134	0.428877	0.0638477
0.366941	1.77047	-0.263043	-0.0362521	0.160418	-0.35789	-0.832006	1.93932	0.564577	-1.84333	-0.234869	-0.306299	-1.70869	0.428983	0.0584708
0.368925	1.77003	-0.269045	-0.0359843	0.160575	-0.359279	-0.840646	1.94026	0.571857	-1.84373	-0.235327	-0.309151	-1.69581	0.429081	0.0530298
0.370908	1.76959	-0.275199	-0.0357163	0.160735	-0.360682	-0.84961	1.94122	0.579159	-1.84412	-0.2359	-0.311982	-1.68272	0.42917	0.0475257
0.372892	1.76913	-0.281501	-0.0354479	0.160897	-0.362101	-0.858888	1.94218	0.586484	-1.84451	-0.236585	-0.314791	-1.66941	0.429249	0.0419595
0.374875	1.76866	-0.287948	-0.0351793	0.161063	-0.363535	-0.868474	1.94316	0.593829	-1.84491	-0.237378	-0.317578	-1.6559	0.429319	0.0363325
0.376859	1.76818	-0.294535	-0.0349104	0.161234	-0.364984	-0.878358	1.94415	0.601193	-1.8453	-0.238276	-0.320343	-1.6422	0.42938	0.0306464
0.378842	1.76768	-0.301257	-0.0346413	0.16141	-0.366451	-0.888529	1.94516	0.608572	-1.8457	-0.239275	-0.323084	-1.6283	0.429431	0.0249028
0.380826	1.76718	-0.308111	-0.0343718	0.161592	-0.367934	-0.898978	1.94617	0.615964	-1.8461	-0.240371	-0.325802	-1.61422	0.429472	0.0191039
0.382809	1.76667	-0.315089	-0.034102	0.16178	-0.369435	-0.909692	1.9472	0.623365	-1.8465	-0.241559	-0.328497	-1.59995	0.429504	0.0132519
0.384793	1.76614	-0.322186	-0.033832	0.161975	-0.370954	-0.920657	1.94824	0.630771	-1.84691	-0.242836	-0.331168	-1.58552	0.429526	0.00734909
0.386776	1.7656	-0.329396	-0.0335615	0.162178	-0.372491	-0.93186	1.9493	0.638177	-1.84731	-0.244195	-0.333815	-1.57091	0.429539	0.00139823
0.38876	1.76505	-0.336711	-0.0332908	0.162389	-0.374046	-0.943287	1.95036	0.645578	-1.84772	-0.245634	-0.336438	-1.55615	0.429541	-0.00459793
0.390743	1.76449	-0.344125	-0.0330197	0.162608	-0.375621	-0.954923	1.95144	0.652968	-1.84813	-0.247146	-0.339036	-1.54122	0.429533	-0.0106365
0.392726	1.76392	-0.35163	-0.0327482	0.162835	-0.377215	-0.96675	1.95253	0.660343	-1.84854	-0.248727	-0.341609	-1.52614	0.429516	-0.0167143
0.39471	1.76333	-0.359219	-0.0324764	0.163072	-0.378829	-0.978753	1.95363	0.667695	-1.84896	-0.250371	-0.344156	-1.51091	0.429488	-0.0228282
0.396693	1.76273	-0.366883	-0.0322042	0.163318	-0.380463	-0.990915	1.95475	0.675018	-1.84937	-0.252073	-0.346679	-1.49553	0.42945	-0.0289749
0.398677	1.76212	-0.374615	-0.0319315	0.163573	-0.382117	-1.00322	1.95587	0.682306	-1.8498	-0.253828	-0.349175	-1.48001	0.429401	-0.0351511
0.40066	1.76149	-0.382406	-0.0316584	0.163838	-0.383792	-1.01564	1.95701	0.68955	-1.85022	-0.255629	-0.351646	-1.46435	0.429343	-0.0413534
0.402644	1.76085	-0.390248	-0.0313849	0.164114	-0.385488	-1.02817	1.95816	0.696745	-1.85065	-0.257472	-0.354091	-1.44855	0.429273	-0.0475784
0.404627	1.7602	-0.398133	-0.0311109	0.1644	-0.387204	-1.04079	1.95933	0.703883	-1.85108	-0.259351	-0.356509	-1.43263	0.429194	-0.0538227
0.406611	1.75954	-0.406052	-0.0308365	0.164696	-0.388942	-1.05348	1.9605	0.710956	-1.85151	-0.26126	-0.358901	-1.41657	0.429104	-0.0600829
0.408594	1.75886	-0.413997	-0.0305615	0.165004	-0.3907	-1.06621	1.96169	0.717957	-1.85194	-0.263193	-0.361266	-1.40038	0.429004	-0.0663557
0.410578	1.75817	-0.42196	-0.0302861	0.165323	-0.39248	-1.07898	1.96289	0.724878	-1.85238	-0.265144	-0.363603	-1.38407	0.428893	-0.0726379
0.412561	1.75746	-0.429932	-0.0300101	0.165654	-0.394282	-1.09176	1.9641	0.731712	-1.85283	-0.267109	-0.365914	-1.36763	0.428772	-0.0789263
0.414545	1.75675	-0.437907	-0.0297335	0.165996	-0.396104	-1.10454	1.96532	0.738452	-1.85327	-0.269082	-0.368197	-1.35107	0.42864	-0.085218
0.416528	1.75601	-0.445875	-0.0294564	0.166351	-0.397948	-1.1173	1.96655	0.74509	-1.85372	-0.271056	-0.370453	-1.33438	0.428498	-0.09151
0.418512	1.75527	-0.453829	-0.0291787	0.16672	-0.399813	-1.13002	1.9678	0.751619	-1.85417	-0.273028	-0.37268	-1.31757	0.428345	-0.0977998
0.420495	1.75451	-0.461763	-0.0289004	0.167101	-0.4017	-1.14268	1.96905	0.758033	-1.85463	-0.27499	-0.37488	-1.30064	0.428182	-0.104085
0.422478	1.75374	-0.46967	-0.0286214	0.167497	-0.403608	-1.15527	1.97032	0.764325	-1.85509	-0.27694	-0.377051	-1.28359	0.428008	-0.110363
0.424462	1.75296	-0.477542	-0.0283418	0.167908	-0.405536	-1.16778	1.97159	0.770488	-1.85555	-0.27887	-0.379194	-1.26641	0.427824	-0.116632
0.426445	1.75216	-0.485375	-0.0280615	0.168334	-0.407486	-1.18019	1.97288	0.776517	-1.85602	-0.280777	-0.381308	-1.2491	0.427629	-0.12289
0.428429	1.75135	-0.493163	-0.0277805	0.168777	-0.409456	-1.19249	1.97417	0.782405	-1.85649	-0.282656	-0.383394	-1.23167	0.427424	-0.129135
0.430412	1.75053	-0.500899	-0.0274987	0.169236	-0.411447	-1.20466	1.97548	0.788149	-1.85696	-0.284503	-0.38545	-1.21411	0.427208	-0.135367
0.432396	1.74969	-0.508581	-0.0272162	0.169714	-0.413458	-1.21669	1.9768	0.793742	-1.85743	-0.286312	-0.387477	-1.19641	0.426982	-0.141585
0.434379	1.74884	-0.516203	-0.0269328	0.170212	-0.415489	-1.22857	1.97812	0.79918	-1.85791	-0.288081	-0.389474	-1.17858	0.426746	-0.147787
0.436363	1.74798	-0.523762	-0.0266487	0.17073	-0.41754	-1.2403	1.97946	0.804459	-1.85839	-0.289804	-0.391442	-1.16061	0.426499	-0.153974
0.438346	1.74711	-0.531255	-0.0263637	0.171269	-0.419611	-1.25185	1.9808	0.809576	-1.85888	-0.291479	-0.393379	-1.1425	0.426242	-0.160145
0.44033	1.74622	-0.538679	-0.0260777	0.171832	-0.421701	-1.26323	1.98215	0.814527	-1.85936	-0.293102	-0.395286	-1.12424	0.425975	-0.166301
0.442313	1.74532	-0.546032	-0.0257909	0.172419	-0.423809	-1.27444	1.98351	0.81931	-1.85985	-0.29467	-0.397163	-1.10583	0.425697	-0.172442
0.444297	1.74441	-0.553313	-0.025503	0.173032	-0.425937	-1.28545	1.98488	0.823922	-1.86034	-0.29618	-0.399009	-1.08726	0.425409	-0.17857
0.44628	1.74348	-0.560521	-0.0252142	0.173673	-0.428083	-1.29627	1.98625	0.828362	-1.86084	-0.297628	-0.400824	-1.06853	0.425111	-0.184685
0.448264	1.74255	-0.567655	-0.0249242	0.174343	-0.430247	-1.30689	1.98764	0.832629	-1.86133	-0.299013	-0.402608	-1.04963	0.424803	-0.19079
0.450247	1.7416	-0.574716	-0.0246332	0.175044	-0.432429	-1.31732	1.98903	0.83672	-1.86183	-0.300332	-0.404361	-1.03056	0.424484	-0.196886
0.45223	1.74064	-0.581705	-0.024341	0.175779	-0.434628	-1.32754	1.99042	0.840638	-1.86233	-0.301583	-0.406081	-1.01131	0.424156	-0.202975
0.454214	1.73967	-0.588622	-0.0240475	0.176548	-0.436844	-1.33757	1.99183	0.84438	-1.86284	-0.302764	-0.407769	-0.991872	0.423817	-0.209061
0.456197	1.73869	-0.595469	-0.0237528	0.177354	-0.439077	-1.34739	1.99324	0.847948	-1.86334	-0.303873	-0.409425	-0.972237	0.423468	-0.215145
0.458181	1.73769	-0.602249	-0.0234567	0.1782	-0.441326	-1.35702	1.99465	0.851344	-1.86385	-0.304909	-0.411048	-0.9524	0.423109	-0.221231
0.460164	1.73669	-0.608964	-0.0231592	0.179087	-0.443592	-1.36644	1.99607	0.854567	-1.86436	-0.305871	-0.412638	-0.932352	0.422739	-0.227323
0.462148	1.73567	-0.615618	-0.0228602	0.180018	-0.445873	-1.37568	1.9975	0.85762	-1.86487	-0.306757	-0.414195	-0.912086	0.42236	-0.233424
0.464131	1.73464	-0.622213	-0.0225597	0.180995	-0.44817	-1.38472	1.99893	0.860506	-1.86538	-0.307567	-0.415717	-0.891592	0.42197	-0.239538
0.466115	1.7336	-0.628755	-0.0222576	0.18202	-0.450481	-1.39358	2.00037	0.863227	-1.8659	-0.308299	-0.417206	-0.870863	0.42157	-0.24567
0.468098	1.73255	-0.635247	-0.0219537	0.183097	-0.452808	-1.40226	2.00181	0.865785	-1.86641	-0.308954	-0.41866	-0.84989	0.42116	-0.251823
0.470082	1.73149	-0.641695	-0.021648	0.184226	-0.455149	-1.41077	2.00325	0.868184	-1.86693	-0.309531	-0.420079	-0.828663	0.42074	-0.258002
0.472065	1.73042	-0.648102	-0.0213405	0.185412	-0.457504	-1.41911	2.0047	0.870428	-1.86744	-0.31003	-0.421462	-0.807174	0.420309	-0.264212
0.474049	1.72934	-0.654475	-0.0210309	0.186655	-0.459873	-1.42729	2.00616	0.872519	-1.86796	-0.310451	-0.422809	-0.785414	0.419868	-0.270457
0.476032	1.72825	-0.660819	-0.0207193	0.18796	-0.462256	-1.43532	2.00761	0.874464	-1.86848	-0.310794	-0.424121	-0.763374	0.419416	-0.276743
0.478016	1.72715	-0.66714	-0.0204055	0.189327	-0.464652	-1.4432	2.00907	0.876265	-1.869	-0.311059	-0.425395	-0.741045	0.418954	-0.283075
0.479999	1.72603	-0.673443	-0.0200895	0.19076	-0.467061	-1.45096	2.01054	0.877926	-1.86952	-0.311246	-0.426632	-0.718419	0.418482	-0.289457
0.481982	1.72491	-0.679735	-0.019771	0.192262	-0.469484	-1.45859	2.012	0.879454	-1.87004	-0.311357	-0.427832	-0.695487	0.417999	-0.295895
0.483966	1.72377	-0.686022	-0.01945	0.193834	-0.471919	-1.4661	2.01347	0.880852	-1.87056	-0.311392	-0.428993	-0.67224	0.417505	-0.302393
0.485949	1.72263	-0.692309	-0.0191265	0.195478	-0.474366	-1.47351	2.01494	0.882126	-1.87108	-0.311351	-0.430115	-0.648671	0.417	-0.308958
0.487933	1.72147	-0.698604	-0.0188001	0.197198	-0.476826	-1.48082	2.01641	0.88328	-1.8716	-0.311235	-0.431198	-0.624773	0.416484	-0.315592
0.489916	1.72031	-0.704911	-0.0184709	0.198995	-0.479298	-1.48805	2.01789	0.884319	-1.87212	-0.311046	-0.432241	-0.600538	0.415957	-0.322303
0.4919	1.71913	-0.711236	-0.0181387	0.20087	-0.481782	-1.4952	2.01936	0.885249	-1.87264	-0.310784	-0.433243	-0.575961	0.415419	-0.329093
0.493883	1.71794	-0.717586	-0.0178034	0.202827	-0.484279	-1.50228	2.02084	0.886075	-1.87315	-0.31045	-0.434205	-0.551035	0.41487	-0.335967
0.495867	1.71674	-0.723966	-0.0174648	0.204866	-0.486787	-1.5093	2.02232	0.886801	-1.87367	-0.310046	-0.435125	-0.525755	0.414309	-0.34293
0.49785	1.71553	-0.730381	-0.0171227	0.206988	-0.489306	-1.51628	2.0238	0.887432	-1.87419	-0.309573	-0.436002	-0.500117	0.413736	-0.349985
0.499834	1.71432	-0.736836	-0.0167772	0.209197	-0.491838	-1.52322	2.02528	0.887974	-1.87471	-0.309032	-0.436837	-0.474119	0.413152	-0.357136
0.501817	1.71309	-0.743335	-0.016428	0.211491	-0.49438	-1.53012	2.02677	0.888431	-1.87522	-0.308424	-0.437629	-0.447756	0.412556	-0.364387
0.503801	1.71184	-0.749883	-0.0160749	0.213873	-0.496935	-1.537	2.02825	0.888807	-1.87574	-0.307751	-0.438376	-0.421029	0.411948	-0.371739
0.505784	1.71059	-0.756483	-0.0157178	0.216343	-0.499501	-1.54386	2.02973	0.889108	-1.87625	-0.307015	-0.439079	-0.393937	0.411327	-0.379195
0.507768	1.70933	-0.763139	-0.0153567	0.218901	-0.502078	-1.55071	2.03122	0.889336	-1.87676	-0.306216	-0.439737	-0.366482	0.410694	-0.386758
0.509751	1.70806	-0.769852	-0.0149912	0.221547	-0.504667	-1.55756	2.0327	0.889496	-1.87728	-0.305355	-0.440349	-0.338664	0.410048	-0.394429
0.511734	1.70677	-0.776625	-0.0146214	0.224282	-0.507267	-1.56441	2.03419	0.889592	-1.87779	-0.304436	-0.440914	-0.310489	0.40939	-0.402208
0.513718	1.70547	-0.78346	-0.0142469	0.227104	-0.509879	-1.57126	2.03567	0.889628	-1.87829	-0.303458	-0.441432	-0.281961	0.408718	-0.410096
0.515701	1.70417	-0.790356	-0.0138678	0.230013	-0.512502	-1.57812	2.03716	0.889605	-1.8788	-0.302423	-0.441903	-0.253086	0.408034	-0.418093
0.517685	1.70285	-0.797315	-0.0134838	0.233008	-0.515136	-1.58498	2.03864	0.889527	-1.8793	-0.301334	-0.442326	-0.223873	0.407336	-0.426198
0.519668	1.70152	-0.804335	-0.0130948	0.236087	-0.517782	-1.59186	2.04013	0.889396	-1.87981	-0.300191	-0.442699	-0.194332	0.406624	-0.434409
0.521652	1.70017	-0.811415	-0.0127007	0.239248	-0.52044	-1.59876	2.04161	0.889215	-1.88031	-0.298995	-0.443024	-0.164472	0.405899	-0.442725
0.523635	1.69882	-0.818553	-0.0123013	0.242489	-0.523109	-1.60566	2.0431	0.888985	-1.88081	-0.297749	-0.443298	-0.134307	0.40516	-0.451143
0.525619	1.69745	-0.825746	-0.0118965	0.245808	-0.52579	-1.61257	2.04458	0.888708	-1.88131	-0.296453	-0.443523	-0.103852	0.404407	-0.45966
0.527602	1.69607	-0.83299	-0.0114861	0.249202	-0.528482	-1.61949	2.04606	0.888384	-1.8818	-0.29511	-0.443696	-0.0731214	0.403639	-0.46827
0.529586	1.69468	-0.840281	-0.0110701	0.252668	-0.531185	-1.62641	2.04755	0.888014	-1.88229	-0.293719	-0.443818	-0.0421334	0.402858	-0.476971
0.531569	1.69328	-0.847615	-0.0106483	0.256202	-0.5339	-1.63333	2.04903	0.887598	-1.88278	-0.292284	-0.443888	-0.0109068	0.402061	-0.485757
0.533553	1.69186	-0.854984	-0.0102206	0.2598	-0.536627	-1.64025	2.05051	0.887137	-1.88327	-0.290804	-0.443907	0.0205378	0.40125	-0.494621
0.535536	1.69044	-0.862382	-0.00978685	0.263458	-0.539365	-1.64714	2.05199	0.886629	-1.88376	-0.289282	-0.443872	0.0521786	0.400425	-0.503558
0.53752	1.689	-0.869802	-0.00934703	0.267172	-0.542115	-1.65402	2.05347	0.886074	-1.88424	-0.287718	-0.443785	0.0839921	0.399584	-0.51256
0.539503	1.68755	-0.877237	-0.008901	0.270936	-0.544876	-1.66086	2.05495	0.885471	-1.88472	-0.286114	-0.443645	0.115954	0.398728	-0.52162
0.541486	1.68608	-0.884676	-0.00844869	0.274747	-0.547649	-1.66766	2.05643	0.884817	-1.8852	-0.284471	-0.443451	0.148037	0.397858	-0.530729
0.54347	1.6846	-0.892112	-0.00799002	0.278597	-0.550433	-1.67441	2.05791	0.884112	-1.88567	-0.28279	-0.443204	0.180216	0.396972	-0.53988
0.545453	1.68311	-0.899534	-0.00752492	0.282483	-0.553229	-1.6811	2.05938	0.883352	-1.88614	-0.281072	-0.442903	0.212461	0.39607	-0.549063
0.547437	1.68161	-0.906931	-0.00705334	0.286398	-0.556035	-1.68771	2.06086	0.882536	-1.88661	-0.279318	-0.442549	0.244743	0.395154	-0.558268
0.54942	1.6801	-0.914294	-0.00657522	0.290335	-0.558853	-1.69423	2.06233	0.881659	-1.88708	-0.277529	-0.44214	0.277033	0.394222	-0.567486
0.551404	1.67857	-0.92161	-0.00609052	0.29429	-0.561681	-1.70065	2.0638	0.88072	-1.88754	-0.275707	-0.441678	0.309299	0.393274	-0.576708
0.553387	1.67703	-0.928869	-0.00559923	0.298256	-0.56452	-1.70695	2.06527	0.879716	-1.888	-0.273852	-0.441161	0.341509	0.392312	-0.585921
0.555371	1.67548	-0.936058	-0.00510131	0.302226	-0.56737	-1.71313	2.06674	0.878641	-1.88846	-0.271964	-0.440591	0.373633	0.391333	-0.595117
0.557354	1.67392	-0.943165	-0.00459677	0.306193	-0.57023	-1.71915	2.06821	0.877493	-1.88891	-0.270045	-0.439967	0.405638	0.39034	-0.604285
0.559338	1.67235	-0.950177	-0.0040856	0.310152	-0.5731	-1.72501	2.06967	0.876268	-1.88937	-0.268096	-0.43929	0.43749	0.389331	-0.613412
0.561321	1.67076	-0.957082	-0.00356782	0.314096	-0.575979	-1.7307	2.07114	0.874962	-1.88981	-0.266117	-0.43856	0.469158	0.388307	-0.62249
0.563305	1.66916	-0.963868	-0.00304346	0.318017	-0.578869	-1.73619	2.0726	0.873571	-1.89026	-0.264109	-0.437777	0.500609	0.387268	-0.631507
0.565288	1.66755	-0.970522	-0.00251255	0.321911	-0.581767	-1.74147	2.07406	0.87209	-1.8907	-0.262073	-0.436941	0.531809	0.386214	-0.640452
0.567272	1.66593	-0.97703	-0.00197515	0.325769	-0.584674	-1.74653	2.07551	0.870515	-1.89114	-0.260009	-0.436053	0.562727	0.385144	-0.649316
0.569255	1.6643	-0.983382	-0.0014313	0.329586	-0.58759	-1.75134	2.07696	0.868842	-1.89157	-0.257918	-0.435114	0.593331	0.38406	-0.658086
0.571238	1.66266	-0.989563	-0.000881078	0.333355	-0.590514	-1.7559	2.07841	0.867066	-1.892	-0.2558	-0.434123	0.623589	0.382962	-0.666754
0.573222	1.66101	-0.995562	-0.000324566	0.33707	-0.593445	-1.76019	2.07986	0.865183	-1.89243	-0.253657	-0.433082	0.653471	0.381849	-0.675309
0.575205	1.65935	-1.00137	0.000238148	0.340725	-0.596384	-1.76418	2.08131	0.863188	-1.89285	-0.251487	-0.431991	0.682946	0.380721	-0.683742
0.577189	1.65767	-1.00696	0.000806964	0.344314	-0.599329	-1.76788	2.08275	0.861078	-1.89327	-0.249292	-0.430851	0.711985	0.37958	-0.692044
0.579172	1.65599	-1.01235	0.00138177	0.347831	-0.60228	-1.77125	2.08419	0.858847	-1.89369	-0.247072	-0.429662	0.74056	0.378424	-0.700205
0.581156	1.6543	-1.0175	0.00196245	0.351271	-0.605237	-1.7743	2.08562	0.856493	-1.8941	-0.244828	-0.428426	0.768643	0.377256	-0.708217
0.583139	1.6526	-1.02241	0.00254887	0.354628	-0.608199	-1.77699	2.08705	0.854009	-1.89451	-0.24256	-0.427143	0.796208	0.376073	-0.716073
0.585123	1.6509	-1.02707	0.0031409	0.357897	-0.611166	-1.77933	2.08847	0.851393	-1.89491	-0.240267	-0.425814	0.823229	0.374878	-0.723764
0.587106	1.64918	-1.03148	0.00373838	0.361074	-0.614136	-1.78129	2.0899	0.848641	-1.89531	-0.237951	-0.424439	0.849682	0.373669	-0.731284
0.58909	1.64746	-1.03561	0.00434117	0.364154	-0.61711	-1.78287	2.09131	0.845748	-1.89571	-0.23561	-0.423021	0.875544	0.372449	-0.738626
0.591073	1.64573	-1.03947	0.0049491	0.367131	-0.620086	-1.78405	2.09272	0.84271	-1.8961	-0.233247	-0.421559	0.900794	0.371216	-0.745784
0.593057	1.644	-1.04303	0.005562	0.370003	-0.623065	-1.78482	2.09413	0.839525	-1.89649	-0.23086	-0.420055	0.92541	0.369971	-0.752753
0.59504	1.64226	-1.04631	0.00617969	0.372766	-0.626044	-1.78517	2.09553	0.836189	-1.89688	-0.22845	-0.418511	0.949375	0.368714	-0.759527
0.597024	1.64051	-1.04928	0.006802	0.375415	-0.629025	-1.78509	2.09693	0.832698	-1.89726	-0.226016	-0.416926	0.972668	0.367446	-0.766104
0.599007	1.63876	-1.05194	0.00742873	0.377948	-0.632005	-1.78458	2.09832	0.82905	-1.89764	-0.223559	-0.415302	0.995275	0.366167	-0.772478
0.60099	1.637	-1.05429	0.00805969	0.380361	-0.634984	-1.78362	2.0997	0.82524	-1.89801	-0.221079	-0.41364	1.01718	0.364877	-0.778647
0.602974	1.63524	-1.05631	0.00869467	0.382652	-0.637962	-1.7822	2.10108	0.821267	-1.89838	-0.218575	-0.411942	1.03837	0.363577	-0.784608
0.604957	1.63348	-1.058	0.00933348	0.384818	-0.640937	-1.78032	2.10245	0.817128	-1.89875	-0.216048	-0.410209	1.05883	0.362268	-0.790358
0.606941	1.63171	-1.05937	0.00997591	0.386858	-0.643909	-1.77797	2.10382	0.812819	-1.89911	-0.213498	-0.408441	1.07855	0.360948	-0.795898
0.608924	1.62994	-1.06039	0.0106217	0.388768	-0.646877	-1.77515	2.10517	0.80834	-1.89946	-0.210923	-0.406641	1.09752	0.359619	-0.801225
0.610908	1.62817	-1.06108	0.0112708	0.390548	-0.649841	-1.77184	2.10652	0.803686	-1.89981	-0.208325	-0.404808	1.11573	0.358282	-0.806339
0.612891	1.6264	-1.06142	0.0119228	0.392196	-0.652799	-1.76805	2.10786	0.798857	-1.90016	-0.205702	-0.402946	1.13317	0.356936	-0.81124
0.614875	1.62463	-1.06141	0.0125775	0.39371	-0.65575	-1.76377	2.1092	0.793849	-1.90051	-0.203055	-0.401054	1.14984	0.355581	-0.815929
0.616858	1.62286	-1.06105	0.0132348	0.395091	-0.658695	-1.75899	2.11052	0.788662	-1.90084	-0.200383	-0.399134	1.16573	0.354219	-0.820407
0.618842	1.62109	-1.06033	0.0138943	0.396336	-0.661631	-1.75372	2.11184	0.783294	-1.90118	-0.197687	-0.397188	1.18084	0.35285	-0.824675
0.620825	1.61932	-1.05927	0.014556	0.397447	-0.664559	-1.74795	2.11315	0.777743	-1.90151	-0.194965	-0.395217	1.19516	0.351473	-0.828736
0.622809	1.61755	-1.05785	0.0152195	0.398422	-0.667477	-1.74167	2.11445	0.772008	-1.90183	-0.192218	-0.393222	1.20869	0.350089	-0.832591
0.624792	1.61578	-1.05607	0.0158846	0.399261	-0.670385	-1.7349	2.11573	0.766087	-1.90216	-0.189445	-0.391204	1.22144	0.348699	-0.836243
0.626776	1.61402	-1.05393	0.0165512	0.399965	-0.673281	-1.72762	2.11701	0.75998	-1.90247	-0.186646	-0.389165	1.23339	0.347303	-0.839695
0.628759	1.61226	-1.05144	0.0172189	0.400533	-0.676165	-1.71983	2.11828	0.753686	-1.90278	-0.183821	-0.387106	1.24456	0.345902	-0.842951
0.630742	1.6105	-1.04859	0.0178876	0.400967	-0.679036	-1.71154	2.11954	0.747204	-1.90309	-0.180969	-0.385028	1.25495	0.344494	-0.846015
0.632726	1.60875	-1.04538	0.0185569	0.401268	-0.681893	-1.70275	2.12079	0.740533	-1.90339	-0.17809	-0.382933	1.26455	0.343082	-0.84889
0.634709	1.60701	-1.04182	0.0192268	0.401435	-0.684736	-1.69346	2.12202	0.733673	-1.90369	-0.175185	-0.380822	1.27337	0.341665	-0.851581
0.636693	1.60527	-1.03791	0.019897	0.401471	-0.687563	-1.68367	2.12325	0.726624	-1.90398	-0.172251	-0.378696	1.28141	0.340243	-0.854091
0.638676	1.60354	-1.03365	0.0205672	0.401376	-0.690374	-1.67338	2.12446	0.719386	-1.90427	-0.16929	-0.376557	1.28869	0.338817	-0.856427
0.64066	1.60181	-1.02903	0.0212373	0.401152	-0.693168	-1.66259	2.12566	0.711959	-1.90455	-0.166301	-0.374405	1.2952	0.337388	-0.858591
0.642643	1.60009	-1.02407	0.021907	0.4008	-0.695943	-1.65132	2.12685	0.704344	-1.90483	-0.163284	-0.372243	1.30095	0.335954	-0.860591
0.644627	1.59838	-1.01877	0.0225761	0.400322	-0.6987	-1.63955	2.12803	0.69654	-1.9051	-0.160239	-0.370071	1.30595	0.334518	-0.862429
0.64661	1.59668	-1.01313	0.0232444	0.39972	-0.701437	-1.62731	2.12919	0.68855	-1.90537	-0.157166	-0.367891	1.31021	0.333078	-0.864112
0.648594	1.59499	-1.00715	0.0239117	0.398996	-0.704154	-1.61458	2.13034	0.680373	-1.90563	-0.154065	-0.365704	1.31374	0.331635	-0.865645
0.650577	1.59331	-1.00083	0.0245778	0.398151	-0.706849	-1.60138	2.13148	0.672012	-1.90589	-0.150935	-0.363511	1.31654	0.33019	-0.867032
0.652561	1.59164	-0.994192	0.0252425	0.397188	-0.709523	-1.58772	2.1326	0.663468	-1.90614	-0.147777	-0.361313	1.31863	0.328743	-0.868279
0.654544	1.58998	-0.987228	0.0259056	0.39611	-0.712173	-1.5736	2.13371	0.654743	-1.90639	-0.144592	-0.359111	1.32001	0.327293	-0.869392
0.656528	1.58833	-0.979946	0.0265669	0.394917	-0.7148	-1.55902	2.1348	0.645838	-1.90663	-0.141379	-0.356908	1.3207	0.325842	-0.870374
0.658511	1.58669	-0.972351	0.0272261	0.393614	-0.717403	-1.544	2.13588	0.636757	-1.90687	-0.138138	-0.354703	1.32071	0.324389	-0.87123
0.660494	1.58507	-0.964449	0.0278833	0.392202	-0.71998	-1.52854	2.13694	0.627501	-1.9071	-0.134871	-0.352498	1.32005	0.322934	-0.871967
0.662478	1.58346	-0.956246	0.028538	0.390684	-0.722532	-1.51265	2.13799	0.618075	-1.90732	-0.131578	-0.350294	1.31873	0.321479	-0.872588
0.664461	1.58186	-0.947749	0.0291902	0.389062	-0.725057	-1.49635	2.13902	0.60848	-1.90754	-0.128259	-0.348093	1.31676	0.320022	-0.873097
0.666445	1.58028	-0.938964	0.0298397	0.387341	-0.727555	-1.47964	2.14003	0.598722	-1.90776	-0.124915	-0.345895	1.31417	0.318564	-0.873499
0.668428	1.57871	-0.929899	0.0304864	0.385521	-0.730026	-1.46253	2.14103	0.588803	-1.90796	-0.121547	-0.343701	1.31096	0.317106	-0.873799
0.670412	1.57716	-0.920561	0.03113	0.383607	-0.732467	-1.44503	2.14202	0.578729	-1.90817	-0.118156	-0.341512	1.30714	0.315647	-0.873999
0.672395	1.57563	-0.910958	0.0317704	0.381601	-0.73488	-1.42716	2.14298	0.568503	-1.90836	-0.114743	-0.33933	1.30273	0.314188	-0.874104
0.674379	1.57411	-0.901099	0.0324074	0.379507	-0.737262	-1.40893	2.14393	0.558131	-1.90856	-0.111309	-0.337155	1.29775	0.312729	-0.874116
0.676362	1.5726	-0.890991	0.033041	0.377327	-0.739614	-1.39035	2.14486	0.547618	-1.90874	-0.107856	-0.334989	1.29221	0.31127	-0.87404
0.678346	1.57111	-0.880645	0.0336709	0.375065	-0.741935	-1.37143	2.14578	0.53697	-1.90892	-0.104385	-0.332831	1.28613	0.30981	-0.873877
0.680329	1.56964	-0.870068	0.0342971	0.372724	-0.744225	-1.3522	2.14667	0.526192	-1.9091	-0.100897	-0.330684	1.27952	0.308352	-0.873631
0.682313	1.56819	-0.859272	0.0349193	0.370308	-0.746482	-1.33265	2.14755	0.515291	-1.90926	-0.0973953	-0.328548	1.2724	0.306893	-0.873303
0.684296	1.56676	-0.848264	0.0355375	0.367818	-0.748707	-1.31282	2.14841	0.504273	-1.90943	-0.0938803	-0.326424	1.26478	0.305435	-0.872896
0.68628	1.56534	-0.837057	0.0361516	0.36526	-0.750899	-1.29272	2.14926	0.493146	-1.90958	-0.0903544	-0.324313	1.25669	0.303978	-0.87241
0.688263	1.56394	-0.825659	0.0367613	0.362636	-0.753057	-1.27235	2.15008	0.481917	-1.90973	-0.0868196	-0.322215	1.24813	0.302522	-0.871849
0.690246	1.56256	-0.814082	0.0373667	0.35995	-0.755181	-1.25175	2.15088	0.470592	-1.90988	-0.0832781	-0.320131	1.23913	0.301066	-0.871212
0.69223	1.56121	-0.802337	0.0379676	0.357206	-0.757271	-1.23092	2.15167	0.45918	-1.91002	-0.0797322	-0.318062	1.2297	0.299612	-0.8705
0.694213	1.55987	-0.790433	0.038564	0.354406	-0.759325	-1.20988	2.15244	0.447688	-1.91015	-0.0761841	-0.316009	1.21987	0.298158	-0.869715
0.696197	1.55855	-0.778384	0.0391556	0.351554	-0.761345	-1.18865	2.15318	0.436125	-1.91028	-0.0726363	-0.313973	1.20964	0.296706	-0.868856
0.69818	1.55725	-0.7662	0.0397425	0.348655	-0.76333	-1.16726	2.15391	0.424498	-1.9104	-0.0690914	-0.311954	1.19903	0.295256	-0.867924
0.700164	1.55597	-0.753892	0.0403246	0.345711	-0.765278	-1.14571	2.15462	0.412817	-1.91052	-0.0655519	-0.309952	1.18807	0.293807	-0.866918
0.702147	1.55471	-0.741472	0.0409017	0.342726	-0.767191	-1.12403	2.15531	0.40109	-1.91062	-0.0620205	-0.307968	1.17677	0.29236	-0.865838
0.704131	1.55347	-0.728952	0.0414739	0.339703	-0.769067	-1.10223	2.15598	0.389325	-1.91073	-0.0584999	-0.306004	1.16515	0.290914	-0.864684
0.706114	1.55225	-0.716343	0.042041	0.336647	-0.770908	-1.08034	2.15663	0.377531	-1.91083	-0.0549929	-0.304059	1.15322	0.289471	-0.863455
0.708098	1.55106	-0.703657	0.042603	0.333561	-0.772711	-1.05837	2.15726	0.365717	-1.91092	-0.0515023	-0.302134	1.141	0.288029	-0.862149
0.710081	1.54988	-0.690906	0.0431598	0.330448	-0.774478	-1.03634	2.15787	0.353891	-1.911	-0.0480309	-0.300229	1.12851	0.28659	-0.860766
0.712065	1.54873	-0.678101	0.0437115	0.327312	-0.776208	-1.01428	2.15846	0.342062	-1.91108	-0.0445816	-0.298345	1.11577	0.285153	-0.859306
0.714048	1.5476	-0.665254	0.0442579	0.324156	-0.777901	-0.992189	2.15903	0.330239	-1.91116	-0.0411572	-0.296482	1.10279	0.283718	-0.857765
0.716032	1.54649	-0.652376	0.0447991	0.320984	-0.779558	-0.970102	2.15958	0.31843	-1.91123	-0.0377605	-0.294641	1.08959	0.282287	-0.856144
0.718015	1.5454	-0.639478	0.0453349	0.3178	-0.781177	-0.94803	2.16011	0.306643	-1.91129	-0.0343944	-0.292822	1.07618	0.280857	-0.854441
0.719998	1.54433	-0.626571	0.0458655	0.314606	-0.78276	-0.925994	2.16063	0.294887	-1.91135	-0.0310617	-0.291025	1.06259	0.279431	-0.852654
0.721982	1.54328	-0.613667	0.0463907	0.311407	-0.784306	-0.90401	2.16112	0.28317	-1.9114	-0.0277652	-0.289252	1.04882	0.278007	-0.850783
0.723965	1.54226	-0.600776	0.0469106	0.308206	-0.785815	-0.882096	2.16159	0.271499	-1.91145	-0.0245076	-0.287501	1.0349	0.276587	-0.848825
0.725949	1.54126	-0.587907	0.0474251	0.305006	-0.787288	-0.860269	2.16204	0.259883	-1.91149	-0.0212916	-0.285773	1.02083	0.27517	-0.846779
0.727932	1.54028	-0.575073	0.0479343	0.30181	-0.788724	-0.838546	2.16248	0.248327	-1.91152	-0.0181199	-0.284069	1.00663	0.273756	-0.844644
0.729916	1.53932	-0.562281	0.0484381	0.298622	-0.790124	-0.816942	2.16289	0.23684	-1.91155	-0.014995	-0.282388	0.992319	0.272346	-0.842418
0.731899	1.53838	-0.549542	0.0489367	0.295445	-0.791487	-0.795474	2.16329	0.225428	-1.91158	-0.0119195	-0.280732	0.977905	0.27094	-0.8401
0.733883	1.53746	-0.536864	0.0494299	0.292283	-0.792815	-0.774156	2.16366	0.214097	-1.9116	-0.00889567	-0.279099	0.963401	0.269537	-0.83769
0.735866	1.53656	-0.524257	0.0499178	0.289138	-0.794108	-0.753003	2.16402	0.202854	-1.91161	-0.00592597	-0.277491	0.948821	0.268139	-0.835185
0.73785	1.53569	-0.51173	0.0504005	0.286013	-0.795365	-0.732029	2.16436	0.191703	-1.91162	-0.00301264	-0.275907	0.934177	0.266745	-0.832585
0.739833	1.53483	-0.499289	0.050878	0.282912	-0.796587	-0.711247	2.16468	0.18065	-1.91163	-0.000157848	-0.274347	0.919479	0.265355	-0.829888
0.741817	1.534	-0.486944	0.0513503	0.279838	-0.797774	-0.69067	2.16498	0.169701	-1.91163	0.00263634	-0.272812	0.90474	0.263969	-0.827095
0.7438	1.53319	-0.4747	0.0518175	0.276794	-0.798927	-0.67031	2.16526	0.158859	-1.91162	0.00536794	-0.271302	0.889969	0.262589	-0.824204
0.745784	1.5324	-0.462566	0.0522796	0.273782	-0.800046	-0.650178	2.16553	0.148129	-1.91161	0.00803506	-0.269816	0.875176	0.261213	-0.821214
0.747767	1.53162	-0.450548	0.0527366	0.270806	-0.801132	-0.630286	2.16578	0.137515	-1.9116	0.0106359	-0.268355	0.860371	0.259842	-0.818126
0.74975	1.53087	-0.438651	0.0531887	0.267868	-0.802184	-0.610643	2.16601	0.127019	-1.91158	0.0131689	-0.266919	0.845562	0.258476	-0.814939
0.751734	1.53014	-0.426882	0.0536359	0.264971	-0.803203	-0.591258	2.16622	0.116644	-1.91156	0.0156324	-0.265507	0.830758	0.257115	-0.811652
0.753717	1.52943	-0.415246	0.0540783	0.262118	-0.804191	-0.572141	2.16641	0.106394	-1.91153	0.0180249	-0.26412	0.815966	0.25576	-0.808266
0.755701	1.52873	-0.403749	0.0545158	0.259311	-0.805146	-0.5533	2.16659	0.0962705	-1.9115	0.0203451	-0.262758	0.801195	0.254411	-0.804781
0.757684	1.52806	-0.392393	0.0549487	0.256553	-0.806069	-0.534742	2.16675	0.0862746	-1.91147	0.0225917	-0.26142	0.786449	0.253067	-0.801197
0.759668	1.5274	-0.381185	0.055377	0.253848	-0.806962	-0.516474	2.1669	0.0764081	-1.91143	0.0247636	-0.260108	0.771737	0.25173	-0.797514
0.761651	1.52677	-0.370128	0.0558008	0.251196	-0.807824	-0.498502	2.16702	0.0666719	-1.91139	0.0268597	-0.258819	0.757063	0.250399	-0.793733
0.763635	1.52615	-0.359224	0.0562202	0.248601	-0.808657	-0.480832	2.16713	0.0570666	-1.91135	0.0288791	-0.257555	0.742432	0.249073	-0.789855
0.765618	1.52555	-0.348478	0.0566352	0.246066	-0.809459	-0.463469	2.16723	0.0475925	-1.9113	0.0308209	-0.256316	0.727851	0.247755	-0.78588
0.767602	1.52497	-0.337892	0.057046	0.243591	-0.810233	-0.446418	2.16731	0.0382495	-1.91125	0.0326843	-0.255101	0.713322	0.246443	-0.781809
0.769585	1.5244	-0.327468	0.0574526	0.241181	-0.810978	-0.429681	2.16737	0.0290371	-1.91119	0.0344688	-0.25391	0.69885	0.245138	-0.777643
0.771569	1.52386	-0.317209	0.0578553	0.238836	-0.811696	-0.413264	2.16742	0.0199547	-1.91114	0.0361738	-0.252743	0.684439	0.243839	-0.773384
0.773552	1.52333	-0.307117	0.058254	0.236559	-0.812385	-0.397167	2.16746	0.0110013	-1.91107	0.0377988	-0.251601	0.670091	0.242548	-0.769032
0.775536	1.52281	-0.297192	0.0586489	0.234353	-0.813049	-0.381394	2.16747	0.00217557	-1.91101	0.0393435	-0.250482	0.65581	0.241265	-0.764589
0.777519	1.52232	-0.287437	0.0590402	0.232219	-0.813685	-0.365947	2.16748	-0.00652403	-1.91095	0.0408076	-0.249387	0.641598	0.239988	-0.760056
0.779502	1.52184	-0.277851	0.0594278	0.230158	-0.814296	-0.350825	2.16747	-0.0150993	-1.91088	0.042191	-0.248316	0.627457	0.238719	-0.755435
0.781486	1.52137	-0.268436	0.0598121	0.228174	-0.814882	-0.336031	2.16744	-0.0235522	-1.91081	0.0434935	-0.247269	0.613389	0.237458	-0.750728
0.783469	1.52093	-0.259191	0.060193	0.226268	-0.815443	-0.321565	2.1674	-0.0318849	-1.91073	0.0447153	-0.246245	0.599395	0.236205	-0.745937
0.785453	1.52049	-0.250118	0.0605707	0.22444	-0.81598	-0.307426	2.16735	-0.0400999	-1.91066	0.0458563	-0.245244	0.585478	0.23496	-0.741062
0.787436	1.52008	-0.241216	0.0609454	0.222694	-0.816493	-0.293614	2.16728	-0.0481995	-1.91058	0.0469169	-0.244266	0.571638	0.233722	-0.736107
0.78942	1.51967	-0.232484	0.0613172	0.22103	-0.816983	-0.280128	2.1672	-0.0561866	-1.91051	0.0478973	-0.243312	0.557875	0.232493	-0.731072
0.791403	1.51929	-0.223923	0.0616862	0.21945	-0.817451	-0.266967	2.16711	-0.0640639	-1.91043	0.048798	-0.242381	0.544192	0.231273	-0.725961
0.793387	1.51891	-0.215531	0.0620525	0.217955	-0.817896	-0.254129	2.167	-0.0718342	-1.91034	0.0496193	-0.241472	0.530588	0.230061	-0.720776
0.79537	1.51855	-0.207307	0.0624164	0.216546	-0.818321	-0.241612	2.16688	-0.0795004	-1.91026	0.050362	-0.240587	0.517065	0.228858	-0.715518
0.797354	1.51821	-0.199251	0.0627779	0.215225	-0.818724	-0.229414	2.16675	-0.0870655	-1.91018	0.0510267	-0.239723	0.503622	0.227663	-0.71019
0.799337	1.51787	-0.191361	0.0631372	0.213991	-0.819107	-0.217531	2.1666	-0.0945325	-1.91009	0.0516141	-0.238883	0.490261	0.226478	-0.704794
0.801321	1.51755	-0.183636	0.0634944	0.212845	-0.81947	-0.205962	2.16644	-0.101904	-1.91001	0.0521252	-0.238064	0.476981	0.225301	-0.699333
0.803304	1.51725	-0.176074	0.0638498	0.211789	-0.819814	-0.194703	2.16627	-0.109184	-1.90992	0.052561	-0.237268	0.463784	0.224134	-0.693809
0.805288	1.51695	-0.168674	0.0642033	0.210823	-0.820139	-0.18375	2.16609	-0.116375	-1.90983	0.0529225	-0.236494	0.450669	0.222975	-0.688224
0.807271	1.51667	-0.161433	0.0645553	0.209946	-0.820446	-0.173099	2.1659	-0.123478	-1.90974	0.0532109	-0.235741	0.437638	0.221826	-0.682582
0.809254	1.5164	-0.154351	0.0649058	0.209159	-0.820735	-0.162747	2.16569	-0.130499	-1.90965	0.0534276	-0.235011	0.424691	0.220687	-0.676885
0.811238	1.51614	-0.147424	0.065255	0.208462	-0.821006	-0.15269	2.16547	-0.137438	-1.90956	0.0535739	-0.234302	0.411829	0.219557	-0.671136
0.813221	1.5159	-0.140652	0.065603	0.207854	-0.821261	-0.142922	2.16524	-0.144298	-1.90948	0.0536515	-0.233614	0.399053	0.218436	-0.665337
0.815205	1.51566	-0.134031	0.06595	0.207335	-0.8215	-0.133439	2.165	-0.151082	-1.90939	0.0536619	-0.232948	0.386365	0.217326	-0.659491
0.817188	1.51544	-0.12756	0.0662961	0.206903	-0.821723	-0.124237	2.16475	-0.157792	-1.9093	0.0536069	-0.232303	0.373766	0.216225	-0.6536
0.819172	1.51523	-0.121237	0.0666415	0.206558	-0.82193	-0.11531	2.16449	-0.164429	-1.90921	0.0534884	-0.231679	0.361258	0.215134	-0.647669
0.821155	1.51502	-0.115058	0.0669864	0.206299	-0.822123	-0.106652	2.16421	-0.170996	-1.90912	0.0533084	-0.231076	0.348842	0.214052	-0.6417
0.823139	1.51483	-0.109023	0.0673308	0.206124	-0.822301	-0.0982598	2.16393	-0.177494	-1.90903	0.053069	-0.230494	0.336522	0.212981	-0.635695
0.825122	1.51465	-0.103128	0.0676749	0.206032	-0.822465	-0.090126	2.16363	-0.183925	-1.90894	0.0527725	-0.229932	0.324299	0.21192	-0.629658
0.827106	1.51448	-0.0973706	0.0680188	0.20602	-0.822615	-0.0822453	2.16332	-0.190289	-1.90885	0.0524212	-0.22939	0.312176	0.210869	-0.623591
0.829089	1.51432	-0.091749	0.0683628	0.206086	-0.822752	-0.0746119	2.16301	-0.196587	-1.90876	0.0520177	-0.228869	0.300157	0.209828	-0.617499
0.831073	1.51416	-0.0862605	0.0687068	0.206229	-0.822877	-0.0672196	2.16268	-0.20282	-1.90868	0.0515645	-0.228368	0.288245	0.208797	-0.611383
0.833056	1.51402	-0.0809025	0.0690511	0.206445	-0.822989	-0.0600624	2.16234	-0.208988	-1.90859	0.0510644	-0.227887	0.276445	0.207776	-0.605247
0.83504	1.51388	-0.0756727	0.0693957	0.206732	-0.82309	-0.0531338	2.16199	-0.215092	-1.90851	0.0505203	-0.227425	0.26476	0.206766	-0.599094
0.837023	1.51376	-0.0705684	0.0697409	0.207086	-0.823178	-0.0464275	2.16163	-0.22113	-1.90842	0.0499351	-0.226983	0.253195	0.205766	-0.592928
0.839006	1.51364	-0.0655872	0.0700866	0.207504	-0.823256	-0.0399369	2.16126	-0.227104	-1.90834	0.049312	-0.226561	0.241755	0.204776	-0.586752
0.84099	1.51353	-0.0607266	0.070433	0.207983	-0.823322	-0.0336554	2.16088	-0.233011	-1.90826	0.0486541	-0.226157	0.230446	0.203796	-0.580568
0.842973	1.51343	-0.055984	0.0707802	0.208519	-0.823379	-0.0275762	2.16049	-0.238851	-1.90817	0.0479649	-0.225772	0.219272	0.202827	-0.574381
0.844957	1.51334	-0.0513568	0.0711283	0.209108	-0.823425	-0.0216924	2.1601	-0.244624	-1.90809	0.0472478	-0.225406	0.208241	0.201868	-0.568193
0.84694	1.51325	-0.0468427	0.0714774	0.209746	-0.823461	-0.0159971	2.15969	-0.250327	-1.90802	0.0465063	-0.225059	0.197359	0.200919	-0.562008
0.848924	1.51317	-0.042439	0.0718276	0.210428	-0.823488	-0.0104832	2.15927	-0.255959	-1.90794	0.0457442	-0.224729	0.186632	0.199981	-0.555829
0.850907	1.5131	-0.0381433	0.0721788	0.211151	-0.823505	-0.00514365	2.15884	-0.261518	-1.90786	0.0449651	-0.224418	0.176068	0.199053	-0.54966
0.852891	1.51304	-0.033953	0.0725314	0.21191	-0.823514	2.87765e-05	2.15841	-0.267003	-1.90779	0.0441729	-0.224124	0.165673	0.198136	-0.543503
0.854874	1.51298	-0.0298656	0.0728851	0.2127	-0.823514	0.00504135	2.15796	-0.272411	-1.90771	0.0433717	-0.223847	0.155456	0.197228	-0.537363
0.856858	1.51293	-0.0258787	0.0732402	0.213516	-0.823505	0.00990142	2.15751	-0.277741	-1.90764	0.0425653	-0.223588	0.145424	0.196331	-0.531243
0.858841	1.51289	-0.0219897	0.0735967	0.214352	-0.823489	0.0146164	2.15704	-0.282989	-1.90757	0.041758	-0.223345	0.135587	0.195444	-0.525146
0.860825	1.51285	-0.0181961	0.0739545	0.215206	-0.823464	0.0191937	2.15657	-0.288153	-1.9075	0.040954	-0.223118	0.125951	0.194568	-0.519075
0.862808	1.51282	-0.0144954	0.0743138	0.21607	-0.823432	0.0236409	2.15609	-0.293232	-1.90743	0.0401574	-0.222908	0.116526	0.193701	-0.513035
0.864792	1.5128	-0.0108852	0.0746745	0.21694	-0.823393	0.0279655	2.1556	-0.298222	-1.90736	0.0393727	-0.222714	0.107322	0.192845	-0.507027
0.866775	1.51278	-0.00736283	0.0750367	0.21781	-0.823346	0.0321752	2.1551	-0.30312	-1.9073	0.0386041	-0.222534	0.098346	0.191998	-0.501057
0.868758	1.51277	-0.00392591	0.0754003	0.218676	-0.823292	0.0362776	2.15459	-0.307925	-1.90723	0.0378563	-0.22237	0.0896085	0.191162	-0.495127
0.870742	1.51276	-0.000571897	0.0757653	0.219533	-0.823232	0.0402804	2.15408	-0.312634	-1.90717	0.0371336	-0.222221	0.0811188	0.190335	-0.48924
0.872725	1.51276	0.00270173	0.0761318	0.220374	-0.823165	0.0441915	2.15356	-0.317243	-1.90711	0.0364405	-0.222085	0.0728863	0.189518	-0.4834
0.874709	1.51276	0.0058975	0.0764997	0.221195	-0.823091	0.0480185	2.15303	-0.321751	-1.90705	0.0357817	-0.221964	0.0649207	0.188711	-0.477611
0.876692	1.51277	0.00901794	0.076869	0.22199	-0.823011	0.0517694	2.15249	-0.326155	-1.90699	0.0351618	-0.221855	0.0572319	0.187914	-0.471875
0.878676	1.51279	0.0120656	0.0772396	0.222755	-0.822924	0.0554519	2.15195	-0.330453	-1.90693	0.0345853	-0.22176	0.0498297	0.187126	-0.466196
0.880659	1.51281	0.015043	0.0776115	0.223483	-0.822832	0.059074	2.1514	-0.334642	-1.90687	0.0340571	-0.221676	0.0427241	0.186348	-0.460578
0.882643	1.51283	0.0179528	0.0779846	0.224171	-0.822733	0.0626436	2.15084	-0.33872	-1.90681	0.0335817	-0.221605	0.0359251	0.185579	-0.455023
0.884626	1.51286	0.0207975	0.0783588	0.224813	-0.822628	0.0661687	2.15027	-0.342686	-1.90676	0.0331638	-0.221545	0.0294428	0.184819	-0.449535
0.88661	1.5129	0.0235797	0.0787341	0.225405	-0.822518	0.0696572	2.1497	-0.346537	-1.9067	0.0328083	-0.221496	0.0232871	0.184069	-0.444117
0.888593	1.51294	0.0263021	0.0791104	0.225941	-0.822402	0.0731171	2.14912	-0.350272	-1.90665	0.0325197	-0.221457	0.0174683	0.183328	-0.438773
0.890577	1.51298	0.0289673	0.0794876	0.226417	-0.82228	0.0765566	2.14854	-0.353889	-1.90659	0.032303	-0.221428	0.0119964	0.182595	-0.433505
0.89256	1.51303	0.0315779	0.0798656	0.226828	-0.822152	0.0799835	2.14795	-0.357386	-1.90654	0.0321628	-0.221408	0.0068815	0.181871	-0.428317
0.894544	1.51308	0.0341366	0.0802443	0.22717	-0.822018	0.0834062	2.14735	-0.360763	-1.90649	0.0321039	-0.221396	0.00213374	0.181156	-0.423212
0.896527	1.51314	0.0366462	0.0806235	0.227438	-0.821879	0.0868325	2.14675	-0.364019	-1.90643	0.032131	-0.221393	-0.00223684	0.18045	-0.418193
0.89851	1.5132	0.0391093	0.0810032	0.227629	-0.821734	0.0902707	2.14614	-0.367152	-1.90638	0.032249	-0.221397	-0.00622018	0.179752	-0.413263
0.900494	1.51326	0.0415287	0.0813832	0.227738	-0.821583	0.0937288	2.14553	-0.370163	-1.90633	0.0324625	-0.221407	-0.0098063	0.179062	-0.408426
0.902477	1.51333	0.0439071	0.0817634	0.227761	-0.821427	0.0972151	2.14491	-0.37305	-1.90627	0.0327764	-0.221423	-0.0129853	0.17838	-0.403683
0.904461	1.51341	0.0462473	0.0821436	0.227694	-0.821265	0.100738	2.14429	-0.375813	-1.90622	0.0331952	-0.221445	-0.0157471	0.177706	-0.399039
0.906444	1.51348	0.0485522	0.0825237	0.227534	-0.821096	0.104304	2.14366	-0.378453	-1.90616	0.0337239	-0.221471	-0.0180822	0.17704	-0.394497
0.908428	1.51357	0.0508244	0.0829036	0.227278	-0.820922	0.107924	2.14303	-0.38097	-1.90611	0.034367	-0.221502	-0.0199806	0.176381	-0.390058
0.910411	1.51365	0.0530669	0.083283	0.226921	-0.820742	0.111604	2.14239	-0.383364	-1.90605	0.0351292	-0.221535	-0.0214329	0.17573	-0.385727
0.912395	1.51374	0.0552824	0.0836618	0.226461	-0.820556	0.115353	2.14175	-0.385635	-1.90599	0.0360151	-0.221571	-0.0224294	0.175086	-0.381505
0.914378	1.51383	0.0574739	0.0840399	0.225895	-0.820363	0.119178	2.14111	-0.387785	-1.90593	0.0370294	-0.221608	-0.0229608	0.174449	-0.377396
0.916362	1.51393	0.0596441	0.084417	0.225219	-0.820164	0.123088	2.14046	-0.389814	-1.90587	0.0381766	-0.221646	-0.0230179	0.173819	-0.373403
0.918345	1.51403	0.0617959	0.084793	0.224431	-0.819959	0.127091	2.13981	-0.391723	-1.9058	0.0394611	-0.221685	-0.0225916	0.173196	-0.369528
0.920329	1.51413	0.0639322	0.0851677	0.223528	-0.819747	0.131195	2.13915	-0.393515	-1.90574	0.0408874	-0.221723	-0.021673	0.172579	-0.365774
0.922312	1.51424	0.0660559	0.0855408	0.222507	-0.819528	0.135407	2.1385	-0.395189	-1.90567	0.0424598	-0.221759	-0.0202537	0.171968	-0.362144
0.924296	1.51435	0.0681697	0.0859123	0.221367	-0.819302	0.139735	2.13784	-0.396749	-1.9056	0.0441825	-0.221793	-0.0183251	0.171364	-0.35864
0.926279	1.51446	0.0702765	0.0862819	0.220106	-0.819068	0.144187	2.13718	-0.398196	-1.90552	0.0460597	-0.221823	-0.0158792	0.170765	-0.355264
0.928263	1.51458	0.0723791	0.0866493	0.21872	-0.818828	0.14877	2.13651	-0.399532	-1.90545	0.0480954	-0.22185	-0.0129083	0.170172	-0.352019
0.930246	1.5147	0.0744803	0.0870145	0.217209	-0.818579	0.153491	2.13584	-0.400759	-1.90537	0.0502935	-0.221871	-0.00940494	0.169584	-0.348906
0.932229	1.51482	0.0765827	0.0873771	0.215571	-0.818323	0.158357	2.13517	-0.401879	-1.90528	0.0526576	-0.221887	-0.00536225	0.169002	-0.34593
0.934213	1.51495	0.0786892	0.0877369	0.213803	-0.818059	0.163375	2.1345	-0.402895	-1.9052	0.0551913	-0.221896	-0.000773722	0.168424	-0.34309
0.936196	1.51508	0.0808024	0.0880939	0.211907	-0.817786	0.168552	2.13383	-0.403809	-1.9051	0.057898	-0.221897	0.0043666	0.167851	-0.34039
0.93818	1.51522	0.0829248	0.0884476	0.209879	-0.817504	0.173894	2.13316	-0.404625	-1.90501	0.0607807	-0.22189	0.0100641	0.167283	-0.337831
0.940163	1.51536	0.085059	0.088798	0.207719	-0.817214	0.179407	2.13248	-0.405344	-1.90491	0.0638423	-0.221873	0.0163235	0.166719	-0.335414
0.942147	1.5155	0.0872074	0.0891448	0.205427	-0.816915	0.185096	2.1318	-0.405969	-1.9048	0.0670854	-0.221846	0.0231488	0.166159	-0.333141
0.94413	1.51564	0.0893725	0.0894877	0.203002	-0.816606	0.190966	2.13113	-0.406504	-1.90469	0.0705123	-0.221807	0.0305432	0.165603	-0.331013
0.946114	1.51579	0.0915564	0.0898266	0.200444	-0.816287	0.197022	2.13045	-0.406952	-1.90457	0.0741248	-0.221756	0.0385092	0.165051	-0.329032
0.948097	1.51595	0.0937614	0.0901613	0.197753	-0.815958	0.203269	2.12977	-0.407315	-1.90445	0.0779247	-0.221692	0.0470482	0.164501	-0.327198
0.950081	1.5161	0.0959894	0.0904914	0.19493	-0.815619	0.20971	2.12909	-0.407597	-1.90432	0.081913	-0.221613	0.0561606	0.163955	-0.325512
0.952064	1.51626	0.0982425	0.0908168	0.191976	-0.815268	0.216349	2.12841	-0.4078	-1.90418	0.0860905	-0.22152	0.0658457	0.163412	-0.323974
0.954048	1.51643	0.100522	0.0911373	0.18889	-0.814907	0.223187	2.12773	-0.40793	-1.90403	0.0904575	-0.22141	0.0761018	0.162871	-0.322584
0.956031	1.51659	0.102831	0.0914526	0.185675	-0.814535	0.230226	2.12705	-0.407987	-1.90388	0.0950139	-0.221283	0.0869257	0.162332	-0.321342
0.958015	1.51677	0.105169	0.0917626	0.182332	-0.81415	0.237468	2.12637	-0.407977	-1.90373	0.0997588	-0.221138	0.098313	0.161796	-0.320248
0.959998	1.51694	0.107538	0.092067	0.178863	-0.813754	0.244914	2.12568	-0.407901	-1.90356	0.104691	-0.220973	0.110258	0.161261	-0.3193
0.961981	1.51712	0.10994	0.0923656	0.175271	-0.813345	0.252562	2.125	-0.407765	-1.90338	0.109809	-0.220789	0.122753	0.160728	-0.318498
0.963965	1.5173	0.112375	0.0926582	0.171557	-0.812923	0.260411	2.12432	-0.40757	-1.9032	0.115109	-0.220584	0.135789	0.160196	-0.317839
0.965948	1.51749	0.114844	0.0929446	0.167726	-0.812489	0.26846	2.12364	-0.407321	-1.90301	0.12059	-0.220358	0.149355	0.159666	-0.317323
0.967932	1.51768	0.117347	0.0932246	0.16378	-0.81204	0.276704	2.12296	-0.407021	-1.90281	0.126246	-0.220108	0.16344	0.159136	-0.316947
0.969915	1.51788	0.119885	0.093498	0.159724	-0.811579	0.285141	2.12228	-0.406673	-1.9026	0.132073	-0.219836	0.178028	0.158607	-0.316707
0.971899	1.51808	0.122458	0.0937647	0.155561	-0.811103	0.293765	2.1216	-0.406281	-1.90238	0.138067	-0.219538	0.193104	0.158078	-0.316601
0.973882	1.51828	0.125066	0.0940244	0.151297	-0.810612	0.30257	2.12093	-0.405848	-1.90215	0.14422	-0.219216	0.20865	0.15755	-0.316625
0.975866	1.51849	0.127707	0.094277	0.146936	-0.810107	0.311549	2.12025	-0.405377	-1.9019	0.150527	-0.218868	0.224645	0.157021	-0.316776
0.977849	1.51871	0.130383	0.0945223	0.142485	-0.809587	0.320694	2.11957	-0.404873	-1.90165	0.156979	-0.218493	0.241068	0.156492	-0.317048
0.979833	1.51892	0.133091	0.0947601	0.137949	-0.809051	0.329996	2.1189	-0.404338	-1.90139	0.163567	-0.21809	0.257894	0.155963	-0.317437
0.981816	1.51915	0.135831	0.0949904	0.133334	-0.808501	0.339443	2.11822	-0.403775	-1.90112	0.170284	-0.21766	0.275097	0.155433	-0.317938
0.9838	1.51937	0.1386	0.095213	0.128649	-0.807934	0.349026	2.11755	-0.403188	-1.90083	0.177118	-0.2172	0.292648	0.154902	-0.318543
0.985783	1.5196	0.141399	0.0954278	0.123899	-0.807351	0.358731	2.11687	-0.402581	-1.90054	0.184058	-0.216712	0.310518	0.15437	-0.319248
0.987767	1.51984	0.144224	0.0956346	0.119094	-0.806752	0.368544	2.1162	-0.401957	-1.90023	0.191093	-0.216193	0.328673	0.153837	-0.320046
0.98975	1.52008	0.147073	0.0958334	0.114241	-0.806137	0.378451	2.11553	-0.401318	-1.89991	0.198211	-0.215645	0.347079	0.153303	-0.320928
0.991733	1.52033	0.149945	0.0960242	0.109349	-0.805505	0.388436	2.11486	-0.400669	-1.89958	0.205397	-0.215065	0.365698	0.152767	-0.321887
0.993717	1.52058	0.152836	0.0962067	0.104428	-0.804857	0.398481	2.11419	-0.400012	-1.89924	0.212638	-0.214455	0.384493	0.15223	-0.322915
0.9957	1.52083	0.155744	0.0963811	0.0994874	-0.804192	0.408571	2.11352	-0.399352	-1.89888	0.219918	-0.213813	0.403422	0.151691	-0.324004
0.997684	1.52109	0.158666	0.0965471	0.0945369	-0.80351	0.418684	2.11286	-0.39869	-1.89852	0.227223	-0.213139	0.422443	0.15115	-0.325144
0.999667	1.52136	0.161598	0.096705	0.0895872	-0.802811	0.428802	2.11219	-0.398031	-1.89814	0.234534	-0.212434	0.441511	0.150607	-0.326326
1.00165	1.52163	0.164538	0.0968545	0.0846492	-0.802095	0.438903	2.11153	-0.397378	-1.89775	0.241836	-0.211697	0.46058	0.150062	-0.327539
1.00363	1.5219	0.167481	0.0969958	0.0797342	-0.801362	0.448967	2.11086	-0.396735	-1.89734	0.249111	-0.210928	0.479602	0.149516	-0.328775
1.00562	1.52218	0.170424	0.0971289	0.0748539	-0.800612	0.458971	2.1102	-0.396104	-1.89693	0.25634	-0.210128	0.498528	0.148967	-0.330021
1.0076	1.52247	0.173363	0.0972539	0.0700202	-0.799846	0.468891	2.10954	-0.395489	-1.8965	0.263504	-0.209295	0.517305	0.148416	-0.331268
1.00958	1.52275	0.176294	0.0973708	0.0652453	-0.799063	0.478704	2.10888	-0.394893	-1.89606	0.270583	-0.208432	0.535883	0.147863	-0.332504
1.01157	1.52305	0.179214	0.0974797	0.0605419	-0.798264	0.488385	2.10822	-0.39432	-1.89561	0.277559	-0.207537	0.554207	0.147308	-0.333718
1.01355	1.52335	0.182117	0.0975808	0.0559228	-0.797449	0.49791	2.10756	-0.393774	-1.89514	0.284409	-0.206612	0.572223	0.146751	-0.334897
1.01554	1.52365	0.185	0.0976742	0.051401	-0.796618	0.507253	2.1069	-0.393259	-1.89467	0.291114	-0.205657	0.589875	0.146192	-0.33603
1.01752	1.52396	0.187858	0.09776	0.0469899	-0.795771	0.516388	2.10625	-0.392777	-1.89418	0.297653	-0.204672	0.607105	0.145631	-0.337105
1.0195	1.52427	0.190688	0.0978384	0.042703	-0.794909	0.525288	2.10559	-0.392333	-1.89368	0.304003	-0.203658	0.623858	0.145068	-0.33811
1.02149	1.52459	0.193485	0.0979097	0.038554	-0.794032	0.533929	2.10494	-0.39193	-1.89318	0.310143	-0.202617	0.640075	0.144503	-0.339031
1.02347	1.52492	0.196244	0.0979741	0.0345566	-0.793141	0.542281	2.10428	-0.391572	-1.89266	0.316051	-0.201548	0.655696	0.143937	-0.339857
1.02545	1.52524	0.198961	0.0980318	0.0307249	-0.792235	0.55032	2.10363	-0.391265	-1.89213	0.321706	-0.200454	0.670664	0.14337	-0.340575
1.02744	1.52558	0.201633	0.0980831	0.0270728	-0.791317	0.558017	2.10298	-0.39101	-1.89159	0.327084	-0.199334	0.684918	0.142801	-0.341172
1.02942	1.52591	0.204255	0.0981282	0.0236146	-0.790385	0.565345	2.10232	-0.390814	-1.89105	0.332164	-0.198191	0.6984	0.142232	-0.341635
1.0314	1.52625	0.206822	0.0981677	0.0203644	-0.789441	0.572278	2.10167	-0.39068	-1.89049	0.336923	-0.197025	0.711049	0.141661	-0.341951
1.03339	1.5266	0.209331	0.0982017	0.0173364	-0.788486	0.578789	2.10102	-0.390613	-1.88993	0.34134	-0.195838	0.722807	0.141091	-0.342109
1.03537	1.52695	0.211779	0.0982306	0.0145449	-0.78752	0.584851	2.10037	-0.390617	-1.88936	0.345392	-0.194631	0.733614	0.14052	-0.342094
1.03735	1.5273	0.21416	0.0982549	0.0120041	-0.786543	0.590437	2.09971	-0.390697	-1.88879	0.349056	-0.193406	0.74341	0.139948	-0.341895
1.03934	1.52766	0.216472	0.0982749	0.00972829	-0.785557	0.59552	2.09906	-0.390858	-1.8882	0.352311	-0.192165	0.752137	0.139378	-0.341499
1.04132	1.52802	0.218711	0.0982912	0.00773152	-0.784563	0.600076	2.09841	-0.391105	-1.88761	0.355136	-0.190909	0.759737	0.138808	-0.340894
1.0433	1.52839	0.220874	0.0983041	0.0060279	-0.783562	0.604078	2.09776	-0.391443	-1.88702	0.357508	-0.189641	0.766152	0.138238	-0.340066
1.04529	1.52875	0.222957	0.0983141	0.00463141	-0.782553	0.607501	2.0971	-0.391877	-1.88642	0.359406	-0.188362	0.771326	0.137671	-0.339004
1.04727	1.52913	0.224958	0.0983219	0.0035559	-0.781539	0.610319	2.09645	-0.392413	-1.88582	0.36081	-0.187074	0.7752	0.137105	-0.337696
1.04925	1.5295	0.226873	0.0983278	0.00281509	-0.78052	0.612509	2.09579	-0.393056	-1.88522	0.361699	-0.18578	0.777721	0.136541	-0.33613
1.05124	1.52988	0.228699	0.0983325	0.00242251	-0.779497	0.614047	2.09514	-0.393811	-1.88462	0.362052	-0.184482	0.778833	0.13598	-0.334295
1.05322	1.53026	0.230435	0.0983366	0.00239151	-0.778472	0.61491	2.09448	-0.394684	-1.88401	0.361849	-0.183182	0.778484	0.135422	-0.332179
1.0552	1.53065	0.232078	0.0983405	0.00273519	-0.777446	0.615074	2.09382	-0.395681	-1.88341	0.361072	-0.181882	0.77662	0.134867	-0.32977
1.05719	1.53104	0.233626	0.0983451	0.0034664	-0.776419	0.614518	2.09316	-0.396808	-1.88281	0.359701	-0.180586	0.773191	0.134317	-0.327059
1.05917	1.53143	0.235076	0.0983509	0.00459767	-0.775393	0.613221	2.0925	-0.39807	-1.88221	0.357719	-0.179295	0.768148	0.133771	-0.324034
1.06115	1.53182	0.236427	0.0983586	0.00614122	-0.774369	0.611163	2.09183	-0.399473	-1.88161	0.355106	-0.178012	0.761443	0.13323	-0.320685
1.06314	1.53221	0.237678	0.0983688	0.00810887	-0.773349	0.608323	2.09117	-0.401024	-1.88102	0.351847	-0.176741	0.753029	0.132694	-0.317004
1.06512	1.53261	0.238827	0.0983824	0.010512	-0.772334	0.604684	2.0905	-0.402727	-1.88043	0.347926	-0.175484	0.742862	0.132165	-0.312979
1.06711	1.53301	0.239872	0.0983999	0.0133615	-0.771324	0.600228	2.08983	-0.404589	-1.87985	0.343326	-0.174244	0.730901	0.131643	-0.308603
1.06909	1.53341	0.240814	0.0984222	0.0166678	-0.770322	0.594939	2.08915	-0.406615	-1.87928	0.338033	-0.173024	0.717106	0.131127	-0.303867
1.07107	1.53381	0.241651	0.09845	0.0204407	-0.769329	0.588801	2.08847	-0.408811	-1.87871	0.332033	-0.171827	0.701439	0.13062	-0.298763
1.07306	1.53421	0.242383	0.0984842	0.0246891	-0.768346	0.581802	2.08779	-0.411182	-1.87816	0.325315	-0.170656	0.683867	0.130121	-0.293285
1.07504	1.53462	0.24301	0.0985254	0.0294215	-0.767375	0.573927	2.0871	-0.413733	-1.87761	0.317867	-0.169514	0.664358	0.129632	-0.287424
1.07702	1.53502	0.24353	0.0985745	0.0346452	-0.766416	0.565168	2.08641	-0.41647	-1.87708	0.309678	-0.168405	0.642885	0.129152	-0.281176
1.07901	1.53543	0.243946	0.0986323	0.040367	-0.765473	0.555514	2.08572	-0.419397	-1.87657	0.300741	-0.167332	0.619423	0.128683	-0.274536
1.08099	1.53584	0.244256	0.0986997	0.0465923	-0.764546	0.544959	2.08502	-0.422518	-1.87606	0.291048	-0.166298	0.593954	0.128224	-0.267499
1.08297	1.53625	0.244462	0.0987775	0.0533255	-0.763636	0.533498	2.08431	-0.425837	-1.87558	0.280595	-0.165306	0.566461	0.127778	-0.260063
1.08496	1.53665	0.244565	0.0988665	0.0605697	-0.762745	0.521126	2.0836	-0.429357	-1.87511	0.269377	-0.16436	0.536936	0.127344	-0.252224
1.08694	1.53706	0.244565	0.0989677	0.0683268	-0.761875	0.507845	2.08288	-0.433082	-1.87466	0.257393	-0.163464	0.505371	0.126922	-0.243983
1.08892	1.53747	0.244465	0.0990817	0.0765969	-0.761027	0.493656	2.08216	-0.437013	-1.87423	0.244645	-0.16262	0.47177	0.126515	-0.23534
1.09091	1.53788	0.244265	0.0992096	0.0853787	-0.760203	0.478563	2.08143	-0.441152	-1.87382	0.231135	-0.161833	0.43614	0.126122	-0.226295
1.09289	1.53829	0.243968	0.0993521	0.0946688	-0.759404	0.462576	2.08069	-0.445499	-1.87344	0.21687	-0.161105	0.398494	0.125744	-0.216853
1.09487	1.53869	0.243575	0.0995102	0.104462	-0.758632	0.445704	2.07995	-0.450056	-1.87307	0.201859	-0.160439	0.358856	0.125382	-0.207017
1.09686	1.5391	0.24309	0.0996846	0.114752	-0.757888	0.427962	2.0792	-0.454819	-1.87274	0.186112	-0.15984	0.317255	0.125037	-0.196795
1.09884	1.53951	0.242515	0.0998761	0.125527	-0.757173	0.40937	2.07844	-0.459788	-1.87243	0.169647	-0.159311	0.273732	0.124708	-0.186194
1.10082	1.53991	0.241854	0.100086	0.136777	-0.75649	0.38995	2.07767	-0.464959	-1.87214	0.15248	-0.158854	0.228334	0.124397	-0.175226
1.10281	1.54031	0.241109	0.100314	0.148487	-0.755839	0.369729	2.0769	-0.470327	-1.87189	0.134636	-0.158472	0.18112	0.124105	-0.163902
1.10479	1.54072	0.240285	0.100562	0.160638	-0.755222	0.348738	2.07611	-0.475886	-1.87166	0.11614	-0.15817	0.132162	0.123831	-0.152237
1.10677	1.54112	0.239385	0.10083	0.17321	-0.75464	0.327014	2.07532	-0.48163	-1.87147	0.097025	-0.157949	0.0815401	0.123577	-0.140248
1.10876	1.54152	0.238415	0.101119	0.186179	-0.754094	0.3046	2.07451	-0.487549	-1.87131	0.0773254	-0.157813	0.029349	0.123343	-0.127956
1.11074	1.54192	0.237379	0.10143	0.199518	-0.753585	0.281543	2.0737	-0.493632	-1.87118	0.0570826	-0.157764	-0.0243037	0.123129	-0.115383
1.11272	1.54231	0.236283	0.101763	0.213195	-0.753115	0.257897	2.07287	-0.499868	-1.87108	0.0363426	-0.157805	-0.0792967	0.122937	-0.102554
1.11471	1.54271	0.235132	0.102119	0.227175	-0.752685	0.233721	2.07204	-0.506241	-1.87102	0.0151571	-0.157937	-0.135494	0.122766	-0.0894975
1.11669	1.5431	0.233933	0.102498	0.241419	-0.752294	0.209082	2.07119	-0.512736	-1.871	-0.00641644	-0.158163	-0.192742	0.122616	-0.0762465
1.11868	1.54349	0.232692	0.102901	0.255884	-0.751945	0.184055	2.07034	-0.519334	-1.87101	-0.0283143	-0.158485	-0.250875	0.122489	-0.0628358
1.12066	1.54388	0.231416	0.103329	0.270522	-0.751638	0.158718	2.06947	-0.526015	-1.87106	-0.0504666	-0.158904	-0.309705	0.122384	-0.0493044
1.12264	1.54426	0.230114	0.10378	0.285279	-0.751373	0.133162	2.06859	-0.532756	-1.87114	-0.0727964	-0.159421	-0.369031	0.122302	-0.0356949
1.12463	1.54465	0.228792	0.104256	0.300098	-0.751151	0.107482	2.0677	-0.539531	-1.87126	-0.0952202	-0.160037	-0.42863	0.122242	-0.0220539
1.12661	1.54503	0.22746	0.104757	0.314917	-0.750971	0.081782	2.0668	-0.546313	-1.87142	-0.117647	-0.160753	-0.488261	0.122205	-0.00843201
1.12859	1.54541	0.226128	0.105283	0.329668	-0.750835	0.0561755	2.06589	-0.553072	-1.87162	-0.139978	-0.161568	-0.547664	0.122191	0.00511605
1.13058	1.54579	0.224804	0.105833	0.344277	-0.750741	0.0307837	2.06497	-0.559774	-1.87185	-0.162108	-0.162482	-0.606556	0.1222	0.0185312
1.13256	1.54616	0.223499	0.106408	0.358665	-0.75069	0.00573704	2.06403	-0.566383	-1.87212	-0.183923	-0.163495	-0.664636	0.122231	0.0317501
1.13454	1.54654	0.222225	0.107007	0.372747	-0.75068	-0.0188249	2.06309	-0.572862	-1.87243	-0.2053	-0.164604	-0.721578	0.122284	0.0447046
1.13653	1.54691	0.220992	0.107629	0.386433	-0.750712	-0.0427534	2.06213	-0.579169	-1.87277	-0.22611	-0.165809	-0.777038	0.122358	0.0573221
1.13851	1.54728	0.219812	0.108274	0.399627	-0.750783	-0.0658898	2.06116	-0.585259	-1.87315	-0.246213	-0.167106	-0.830647	0.122454	0.0695254
1.14049	1.54764	0.218699	0.108942	0.412227	-0.750893	-0.0880662	2.06019	-0.591085	-1.87356	-0.265463	-0.168493	-0.882012	0.12257	0.0812325
1.14248	1.54801	0.217666	0.10963	0.424123	-0.75104	-0.109105	2.0592	-0.596598	-1.874	-0.283703	-0.169965	-0.93072	0.122706	0.0923562
1.14446	1.54837	0.216727	0.110338	0.435201	-0.751222	-0.128817	2.05821	-0.601743	-1.87448	-0.300769	-0.171519	-0.976333	0.12286	0.102805
1.14644	1.54873	0.215896	0.111064	0.44534	-0.751437	-0.147007	2.0572	-0.606465	-1.87498	-0.316486	-0.173149	-1.01839	0.123032	0.112482
1.14843	1.54909	0.215189	0.111808	0.454412	-0.751683	-0.163464	2.05619	-0.610704	-1.87551	-0.330674	-0.174849	-1.0564	0.123219	0.121285
1.15041	1.54945	0.214622	0.112566	0.462285	-0.751956	-0.177973	2.05517	-0.614399	-1.87606	-0.34314	-0.176613	-1.08987	0.123422	0.129108
1.15239	1.54981	0.214212	0.113338	0.468819	-0.752253	-0.190304	2.05414	-0.617483	-1.87663	-0.353683	-0.178432	-1.11825	0.123637	0.135838
1.15438	1.55017	0.213975	0.114121	0.473866	-0.75257	-0.20022	2.05311	-0.619888	-1.87722	-0.362096	-0.180299	-1.14099	0.123864	0.14136
1.15636	1.55053	0.213931	0.114912	0.477276	-0.752905	-0.207471	2.05208	-0.621543	-1.87783	-0.368158	-0.182204	-1.1575	0.1241	0.145551
1.15834	1.55088	0.214097	0.115709	0.478889	-0.753251	-0.2118	2.05104	-0.622373	-1.87844	-0.371644	-0.184136	-1.1672	0.124343	0.148285
1.16033	1.55124	0.214493	0.116508	0.47854	-0.753605	-0.212938	2.05	-0.622302	-1.87906	-0.372317	-0.186085	-1.16944	0.124591	0.14943
1.16231	1.5516	0.21514	0.117307	0.476059	-0.75396	-0.210606	2.04896	-0.621248	-1.87968	-0.369932	-0.188037	-1.16357	0.12484	0.148848
1.1643	1.55196	0.216058	0.118102	0.471267	-0.754312	-0.204515	2.04792	-0.619129	-1.8803	-0.364236	-0.18998	-1.14893	0.125089	0.146399
1.16628	1.55232	0.217268	0.118889	0.463982	-0.754653	-0.194368	2.04689	-0.615858	-1.88091	-0.354965	-0.191898	-1.12481	0.125333	0.141937
1.16826	1.55268	0.218794	0.119663	0.454014	-0.754977	-0.179855	2.04586	-0.611347	-1.8815	-0.341848	-0.193775	-1.09049	0.12557	0.135308
1.17025	1.55305	0.220658	0.120421	0.441167	-0.755278	-0.160658	2.04484	-0.605504	-1.88207	-0.324607	-0.195596	-1.04522	0.125796	0.126358
1.17223	1.55341	0.222884	0.121158	0.42524	-0.755546	-0.136449	2.04383	-0.598234	-1.88261	-0.302951	-0.197341	-0.988249	0.126007	0.114925
1.17421	1.55379	0.225496	0.121867	0.406024	-0.755774	-0.106889	2.04283	-0.58944	-1.88312	-0.276583	-0.198991	-0.918773	0.126199	0.100843
1.1762	1.55416	0.22852	0.122545	0.383307	-0.755952	-0.0716324	2.04185	-0.579021	-1.88358	-0.245199	-0.200524	-0.835982	0.126367	0.0839408
1.17818	1.55454	0.231981	0.123185	0.356868	-0.756072	-0.0303199	2.04088	-0.566876	-1.88399	-0.208482	-0.20192	-0.73904	0.126507	0.0640437
1.18016	1.55493	0.235907	0.123781	0.326483	-0.756122	0.0174151	2.03994	-0.552898	-1.88434	-0.166112	-0.203154	-0.627091	0.126614	0.0409711
1.18215	1.55533	0.240324	0.124326	0.291919	-0.756093	0.0719493	2.03901	-0.53698	-1.88462	-0.117756	-0.204201	-0.499253	0.126682	0.0145378
1.18413	1.55573	0.245262	0.124813	0.252939	-0.755973	0.133669	2.03812	-0.51901	-1.88481	-0.0630744	-0.205034	-0.354623	0.126707	-0.0154459
1.18611	1.55614	0.250749	0.125236	0.2093	-0.75575	0.202971	2.03725	-0.498877	-1.88492	-0.00171911	-0.205626	-0.192275	0.126681	-0.0491746
1.1881	1.55656	0.256814	0.125585	0.160753	-0.755411	0.280261	2.03642	-0.476462	-1.88492	0.0666666	-0.205947	-0.0112622	0.126599	-0.0868475
1.19008	1.55698	0.26349	0.125853	0.107044	-0.754943	0.365954	2.03562	-0.451649	-1.88481	0.142448	-0.205966	0.189386	0.126454	-0.128669
1.19206	1.55742	0.270806	0.126032	0.0479101	-0.754332	0.460475	2.03487	-0.424315	-1.88457	0.225998	-0.20565	0.410662	0.126239	-0.174847
1.19405	1.55788	0.278795	0.126112	-0.0169138	-0.753564	0.564258	2.03416	-0.394337	-1.88419	0.3177	-0.204964	0.653579	0.125947	-0.225596
1.19603	1.55834	0.28749	0.126084	-0.0877004	-0.752622	0.677748	2.0335	-0.36159	-1.88366	0.417943	-0.203873	0.919176	0.12557	-0.281133
1.19801	1.55882	0.296925	0.125937	-0.164728	-0.75149	0.801398	2.0329	-0.325943	-1.88297	0.527125	-0.202339	1.20851	0.125101	-0.341681
